0
2.00000000000109E-08
0
0
0.00020000000000011
0
8E-20
0
0
4E-12
0
4E-12
0
0
0
0.00059996
0
0
0
0
0
0
0
0
0
0
0
0
0
0
0
0
0
0
0
0
0
0
0
0
0
0
0
0
0
0
0.0001
0
0
0
0
0
0
0
0
0
0
-100
0
0
0
-100
0
0
0
0
-100
0
0
0
-100
0
0
0
0
0
0
0.0002
0
0
0
0
0
0
0
-100
0
0
0
0
0
2.0000000000011
1.1000000000011E-08
-3E-06
-3E-06
0
0.00011000000000011
-100
-100
0
0
0.000329978
1.1000000000011
0
0
0
0
1.1E-08
0
0
0
0
0
0
0
0
3.2E-19
0
0
0
0
0
0
0
0
0
0.0002
0
0
0
0
0
0
0
0
0
0
0
0
0
0
0
0
0
0
0
0
-100
0
0
0
0
0
-100
-100
0
0
0
0
0
0
0.0002
0
0
-100
0
0
0
0
0
0
0
0
0
0
0.0002
0
0
0
0
0
0
-100
0
0
0
0
0
0
0
0
0
0
0.00011
0
0
0
0
0
0
0
0
0
0
0
0
0
0
0
0
0
0
0
0
0
-99.98
0
0
0
0
0
0
0.0013
0
0
0
0
0
0
0
0
0
0
0
0
0
0
0
0
0
-100
0
0
0
0
0
0
0
0
0
-100
0
0
-100
0
0
0
0
0
0
0
0
0
0
0
0
0
0
0
0
0
0
0
0
0
0
0
0.0001
0
0
0
0
0
0
0
0
0
0
0
0
0
0
-100
0
0
0
0
0
0
0
0
0
0
0
0
0
0
0
0
0
0
0
0
0
0
0
0
0
0
0
0
0
0
0
0
-100
0
0
-100
-100
-100
-100
0
-100
-100
0
0
0
0
0
0
0.00011
0
0
0
0
0
0
0
0
0
0
0
0
0
0
0
0
0
0
0
0
0
0
-100
0
0
0
0
-100
0
0
0
0
0
0
0
0
0
0
0
0
0
0
0
0
0
0
0
0
0
0
0
0
0
0
0
0
0
0
0
0
0
0
0
0
0
0
0
0
-100
0
0
0
0
0
0
0
0
0
0
0
0
0
0
0
0
0
0
0
0
0
0
0.0001
0
0
0
0
0.0001
0
0
0
0
0
0
0
0
0
0
0
0
0
0
0
0
0
0
-100
0
0
0
0
0
0
0
0
0
0
0
0
0
0
0
0
0
0
0
0
0
0
0
0
0
0
0
0
0.0001
0
0
0
0.0014
0
0
0
0
0
0
0
0
0
0
0
0
0
0
0
0
-100
0
0.00011
0
0
0
1.1
0.000329978
0
0
1.29899999999999E-11
4E-28
4E-28
1.299E-07
0
0
0
0
0
0
0
0
0
0
0.0002
0
0
0
0
0
0
0
0
0.001
0
0
0
0
0
0
0
-100
0
0
-100
0
0
0
0
0
0
0
0
0
0
0
0
0
0
0
0
0
0
0
0
0
0.0015
0
0
0
0
0
0
0
0
0
0
0.001
0
0
0
0
0
0
0
0
0
0
0
0
0
0
0
-100
0
0
-100
-100
0
0
0
0
0
0
0
0
0
0
0
0
0
0
0
0
0
0
0
0
0
0
0
0
0
0
0
0
0
0
0
0
0
-100
0
0
0
0
0
0
0
0
0
0
0
0
0
0
0
0
0
0
0
0
0
0
0
0
0
0
0
0
0
0
0
0
0
0
0
0
0
0
0
0
0
0
0
0
0
0
0
0
0
0
0
0
0
0
0
0
0
0
0
0
0
0
0
0
0
0
0
0
0
0
0
0
0
0
0.0001
0
0
0
0.0013
0
0
0
0
0
0
0
0
0
0
0
0
0
0
0
0
0
0
0
0
0
0
0
0.0021
0
0
0
0
0
0
0
0
0
0
0
0
0
0
0
0
0
0
0
0
0
0
0
0
0.0002
0
0
0
0.0002
0
0
0
0
0
0
0
0
0
-100
0
0
0
0
0
0
0
0
0
0
0
-100
0
0
0
0
0
0
0
0
0
0
0
0
0
0
0
0
0
0
0
0
0
0
0
-100
0
0
-100
0
0
0
0
-100
-100
-100
0
0
2.6E-11
0
0.001299
-100
0.0002
0
1E-12
-100
0
0.0001
0
0
0
0
0
0
0
0
0
0
0
0
0
0
-100
0
-100
0
0
0
0
-100
0
0
0
0
0
0
0
0
1.6E-11
0
0
-100
0
0
0
0
0
0
0
0
0
0
0
0
1.4E-11
0
0
0
0
0.0014
-100
0
0
0
0.0002
0
0
0
0
0
0
0
0
0
0
0
0
-100
0
0
0
0
0
0
0
0
0
0
0
0
0
0
0
-100
0
0
0
0
0
0
0
0
0
0
0
0
0
0
0
0
0
0
0
0
-100
0
0
0
-100
0
0
0
0
0
0
0.001
0
0
0
0
0
0
0
0
0
0.0011
0
0
0
0
0
0
0
0
0
0
0
0
0
-100
0
0
-100
0
0
0
0
0
1.6E-11
0
0
-100
0.0016
0.0015
0
0
0
0
0
0
0
0
0
0
0
0
0
0
0
0
0
0
0
0
0.0002
0
0
0
0
0
0
0
0
0
0
0
0
0
0
0
0
0
0
0
0
0
0
0
0
0
0
0.0002
0
0
0
0
0
0
0
0
0
0
0
0
0
0
-100
0
0
0
0
0
0
0
0
0
0
0
0
0
0.0002
0
0
0
0
0
0
0
0
0
0
0
0
0
0
0
0
0
0
0
0
0
0
0
0
0
0
0
0
0
0
0
0
-100
0.0002
0
0
0
0
0
0
0
1.6E-11
0
0
0
0
0
0
0
0
0
0
0.0002
0
0
0
0
0
0.0002
0
0
0
0
0.0004
0
0
0
0
0
0
0.0011
0
0
0
0
0
0
0
0
0
0
0
0
-100
0
0
0
0
0
0
0
0
0
0
0
0
0
0
0
0
0
0
0
0
0
0
0
0
-100
0
-100
0
-100
-100
0
0
0
0
0
0
0
0.0016
0
-100
0
0
0
0
0
0
0
0
0
0
0
0
0
0
0
0
0
0
0
-100
0
0
0
0
0
0
1.3E-11
0
-100
0
0.0013
0
0
0
0
0
0
0
0
0
0
0
0.0013
0
0
0
-100
0
0
0
0
0
-100
0
0
0
0
-100
0
0
0
0
0
0.0004
0
0
0
0
0.001
0
0
0
0
0
0
0
0
0
0
0
0
0
0
0
0
0
0
0
0
0
0
0
0
0
0.0024
0
0
0
0
0
0
0
0
0
0
0
0
0
0
0
0
0
0
0
0
0
-100
0
0
0
0
0.0001
0
0
0
0
0
0
0
0
0
0
0
0
0
0
0
0
0
0.0004
0
0
0
0
0
0
0
0
0
0
0
0
0
0
0
0
0
0
0
0
-100
0
0
0
0
0
0.0013
0
0
0
0
0
0
0
0
0
0
0
0
0
0
0
0
0
-100
0
0
0
0
0
0
0
0.001
0
0
0
0
0
0
0
0.001
0
0
0
0
0
0
0
-100
0
0
0
0
2E-12
0
0
0
0
0
0
-100
-100
-100
-100
0
-100
0
0
0
0
0
0
0
0
0
0
0
0
0.0001
0
0
0
0
0
0
0
0
0
0
0
0
0
0
0
0
-100
-100
0.0004
0
0
0
0
0
0
0
0
0.0001
0
0
0
0
0
0
0
0
0
0
0
0
0
0
0
0
-100
-100
0
0
0
0
0
-100
-100
0
0
0.0012
0
0
0
0
0
0
0
0
0
0
0
0
0
0
0
0
0
0
0
0
-100
-100
12.99
0.00389774
-2.9998E-06
0
0
0
0
0.0012
0
0
0
0
0
0
0
0
0
0
0
0
0.001299
0
0
