0
0
0
0.00200110152120999
0
0
0
0.0200110152120999
0
0
0
0.0002
0
0
-100
0
0
0
0
0
0
0.0002
0
0
0
0
0.0002
0
0
0.0006
0
0
0
0
0
0.0018
0
0
0
0
0
0.0002
0
0
0
0
0
0
0
0
0
0
0
0
0
0
0
0
0
0
0
0
0
0
0
0
0
0
0
0
0
0
0
0
0
-100
0
0.200110152121
0
4E-09
0
0
0
2.00110152121
0
-100
0
0
0
-100
-100
0
0
0
0
0
0
0
0
0
0
0
0.00011
0
0
0
0
0
0
0
0
0
0
0
0
0
0
0
0
0
0
0
0
0
0
0
0
0
0
0.0001
0
0
0
0
0
-100
0
0
0
0
0
0
0
0
0
0
0
0
0
0
0
0
0
0
0
0
0
0
0
0
0
0
0
0
0
0
0
0
0
0
0
0
-100
0
0
0
0
0
0
0
0
-100
0
0
0
0
0
-100
0
0
0
0
0
0
0
0
0
0
0
0
0
0
0
0
0
0
0
0
0
0
0
0
0
0
0
0
0.001
0
0.0002
0
-100
0
0.0015
0
0.0110152121
-100
-100
0
0
0
0
0
0
0
0
0
0
0
0
0
0
0
0
0
0
0
0
0
0
0
0
-100
2E-09
0
0
0
0
0
0
0
0
0
0
0
0
0
0
0
0
0
0
0
0
0
0
0
0
0
0
0
0
0
0
0
0
2E-09
3.8997459996E-08
0
-100
0.0002
0.001300002
5.9996E-09
-100
0.0001
0.0002
-100
0
0
0
0
0
0
0
0
0.001
0
0
0
0
0
0
0
0
0
0
0
-100
0
9.99999999581756E-08
-100
0
0
0
0
0
1.1E-09
0
0
0
0.00011
0
0
0
0
0
0
0
0
0
0
0
0
0
0
0
0
0
0
0
0
0
0
0
0
0
0
-100
0
0
0
0.110152121
-100
-100
0
0
0
0
0
0
0
0
0
0
0
0
0
0
0
0
0
0
0
0.0013
0
0
0
0
-100
0
-100
-100
0
0
-100
-100
0
0
0.000329978
1.10152121
0
0.0152120999999999
0
0
0
0.152121000000001
0
0
0
0
0
0
0
0
0
0
0
0
0
0
1.4E-08
0
0
0.0015
0
0
0
0.0002
0
0
0
0
0
0
0
0
0
0
0
0
0
0
0
0
0
0
0
0.0021
0
0
0
0
0
0
0
0
0
0
0
0
0
0
0
0
9.7986978E-26
0
0
0
0
-100
0
0
0
0
0.00011
0
0
0
0
0
0
0
0
0.00011
0
0
0
0
0
0
0
0
0
0
0
0
0
0.001
0
0
0
0
0
0
0
0
0
0
0
0
0
0
0
0
0
0
0
0
0.0011
0
0
0
0
0
0
0
0
0
0
-100
9.99999999989097E-06
0
-100
0
0
0
0
0
0
0
0
0
0
0
0
0
0
0
0
0
0
0
0
0
0.0013
0
0
0
0
0
0
0
0
0
0
0
0
0
0
0
0
0
-100
0
0
0
0
4E-13
0
0
0
0
0
0
0
0
0
0
6.9988E-14
0
0
0
-100
0
0
0
0
0
0.0001
0
0
0
0
0
0
0
0
0
0
0
0
0
0
0
0
0
-100
0
0
0
0
0
0
0
0
0
0
0
0
0
0
0
0
0
0
0
0
0
0
0
0
0
0
0
0
0
0.0013
0
0
0
0
0
0
0
0
0
0
0
0
0
0
0
0
0
0
-100
0
0
0
0
0
0
0
0
0
0
0
0
0
0
0
0
0
0
0
0
0
0
0
-100
0
0
0
0
4.4E-09
0
0
0
0
0
0
0
0
0
0
0
0
-100
-100
0
0
0
0
0
0
0
0
0
0
0
0
0
0
0
0
0
0.0002
0
0
0
0
0
0
0
0
0
0
0
0
0
0
0
0
0
0
0
0
0
0
0
0
0
0
0
0
0
0
0
0
0
0
0
0
0
0
0
0
0
0.001
0
0
0
0
0
0
0
0
-100
0
0
0
0
0
0
0
0
0
0
0
0
0
0.0015
0
0
0
0
0.0002
0
0
0
0
0.001
0
0
0
0
0.0021
0
0
0
0
0
0
0
0
0
0
-100
0
0
0
0
0
0
0
2E-08
0
0
0
0
0
0
0
0
0
0
0
0
0
0
-100
0
0
0
6E-19
0
0
0
0
0
0
0
0
0
0
0
0.0004
0
0
0
0
0
0
0.0012
0
0
0
0
0
0
0
0.0011
0
0
0
0
0
0
0
0
0
0
0
0
0
0
0
0
0
-100
0
9.99999999998745E-05
-100
1.52121000000001
2.799964E-13
0
2.600004E-13
0
0
0
0
0
0
0
0
0
0
0
-100
0
-100
-100
-100
0
0
0
0
0
0.0015
0
0
0
0
0.0002
0
0
0
0
0
0
0
0
0
-100
0
0
0
0
0
0
0
0
0
0
0
0
0
0
0
0
0
0
0
0
0
1E-09
1E-09
0
1.4E-08
0.0001
0
0
0.0016
0.0014
0
0
0
0
0
0
0
0
0
0
0
0
0
0
0
0
0
0
0
2.1E-08
-100
0
0
0
0
0
0
0
0
-100
0.0016
0
0
0
0
0
0
-100
-100
-100
0
0
0.00011
0.00011
0
0
0
0
0
0
0
0
0
-100
0
0
0
0.0029998
15.2121000000001
0.004499704
4E-09
0.00059996
2.121000000001
0.00059996
0.00059996
1.21000000001
4E-13
0
0
2E-08
0
0
0
0
0
0
0
-100
2.1E-08
0
-100
0
0.0021
0
0
0
0
0
0
0
0
0
0
-100
0.00100000000000004
0
-100
0
0
0
0
0
-100
0
0
0
0
0
0
-100
-100
0.0014
-100
0
0
0
0
0
0
0
0
0
0
0
0
0
0
0
-100
0
0
0
0
0
0
0
0
-100
0
0
0
1E-13
0
0
0
0
0
0
1.6E-08
0
0
0
0
0.001
0
0
0
0
0
0
0
0
0
0
1E-08
0
0.0004
0
0
0
0
0
0
0
0
0
0
0
0
0
0
0
0
0
0
0
0
0
0
-100
0
0
0.0002
0
0
0
0
0
0
0
0
0
0.0014
0
0
0
0
0.0001
0
0
0
0
0
0
0
0
0
0
0
0
0
0
0.0002
0.0023
0
0
0
0
-100
0
0
0
0
0.001
0
0
0
0
0
0
0
0
0
0
0
0
0
0
-100
0
0.0016
0
0
0
0
0
0
0
0
0
0
0
0.0021
0.0021
0
0
0
0
0
0
0
0
0
0
0
0
0
0
0
0
-100
0
0
0
0
0
0.0001
0
0
0
0
0
0
0
0
0
0
0
0
0
0
0
0
0
0
-100
2.00419800710611E-06
0
-100
-100
0
2.00419919463996E-05
-100
0
0
0
0
0
0
0
0
0
0
0
0
0
0
0
0
0
0
0
0
0
0
0
0
0
0
0
0
0
0
0
0
0
0
0
0
0
0
0
0
0
0
0
0
0
0
0
0
-100
0
0
0
0
0
0
0
0.001
0
0
0
0
0
0
0
-100
0
0
0
0
0
0
0
0
0
0
0
0
0
0
-100
-100
0
0
0
0
0
0
0
0
0
0
0
0
0
0
0
0
-100
0
0
0.0005
0
0
0
0
0
0
1E-08
0
0
0
0
0
0
0.0021
0
0
0
0
0
0
0
0
0
0
-100
0
0
0
0
0
0
0
0
0
0
-100
0
0
0
-100
0
0
0
0
0
-100
0
0
1.300002E-08
0
0
0
0
0.0001
0
0
0
0
0
0
0
0
0
0
0
0
-100
0
0
0
0
0
0
0
0
0
0
0
0
0
0
0
0
0
0
0
0
0
0.0002
0
0
0
0
0
0
0
0
0
0
0
0
0
0
0
0
0
0
0
0
0
0
0
-100
0
0
0
0
0
0.0004
0
0
0
0
0
0
0
0
0
0
0
0
0.0004
0
0
0
0
0
0
0
0.0004
0
0.0002
0
0.0002
0
0
0
12.1000000001
0
0
0
0
2.1E-08
0
-100
0.0002
0.0002
0
0
0
0
0.0002
0
0.0004
0
0
0
0
0
0
-100
0
0
0
0
0
0
0
0
0
0
-100
0
0
0
0
0
2E-09
0
0
0
0
0
0
-100
0.001
0
0
0
0
0
0
0
0
0
0
0
-100
0
0
0
0
0
0
0
-100
0
0
0
0.001
0.0002
0
0
0
0
0
0
0
0
0
0
0
0
0
0
0
0
0
0
0
0
0
0
0
0
0
0
0
0
0
0
0
0
0
0
0
0
0
0
0
0
0
0
0
21.000000001
0.00629958
0
0
0
9.99999997846382E-09
0
-100
0
0
-100
0
0
0
0
0
0
0
0
0
0
0
0
0
0
0
-100
0
0
0
0
0
0
0
0
-100
0
0
-100
0
0
0
0
0
0.00029998
1.0000000000002
0
0
0
0
0
0
0
0
0
0
0
2.00412674040526E-10
0
0
0
0
9.85868410544588E-21
1.43018855102155E-19
4.92934205272294E-16
5.68058502884433E-16
0
0
0
0
0
-100
0.0100000000000019
0
-100
0
0
0.0021
0
0
0
0
0
0
0
0
0
0
0
0
0
0
0
0
0
0
0
0
0
0
0
0
0
0
0
0
-100
0
0
0
9.99999999924823E-07
0
0
0
0
-100
0
0
0
-100
0
0
-100
0
0
0
0
0
0
0
0
0
0
0
0
0
0
0
0
0
0
0
0
0
2.9998E-09
0
1E-09
0
0.0044
0
0
0
0
0
0
0
0
0
0
0
0
0
0
0
0
0
0
0
0
0
0
0
0
0.000200419967019528
0
0.00200419987705548
-4.4818386557252E-06
-1.64474157142903E-05
0
-0.0955856718879347
-0.0896367731145041
-0.0896367731145041
-0.103511281632144
-100
-100
-100
-100
0
1E-09
0
0
0
0
0.0024
0
0
0
0
0
0
0
0
0
0
0
0
0
0
0
0
0
0
0
0
0
0
2.9998E-09
2E-09
0.10000000000002
0
0
0.0044
0
0
0
0
0
0
0
0
0
0
0.0001
0
0
0
0
0
0
0
0
0
0
0
0
0
0
0
0
0
0
0
0
0
0
-100
0
0
-100
-100
0
0
0
0
0
0
1E-09
0
0.0001
0
0
0
0
0
0
0
0
0
0
0
0
0
0
0
0
0
0
0
0
0
0
0
0.0001
0.0001
0
0
0
0
0
0
0
0
0
0
0
0
0
0
0
0
0
0
0
0
0
0
0
0
0
0
0
0
0
0
0
0
0
0
0
0
0
0
0
0
0
0
0
0
0
0
0
0
0
0
0
0
0
0
0
0
0
0
0
0
-100
0
0
0
0
0
0
0
0
0
0
0
0
0
0
0
0
0
0
0
0.0200419996344188
0
0
0
0
0
0
0
0
0
0
0
0
0
0
0
0
0
0
0
0
0
0
0
0
0
0
0
0
-100
0
0
-100
0
0
0
0
0
0
0
0
0
0
0
0
0
0
0
0
0
0
0
0
0
0
0
0
0
0
0
0
0
0
0
0
-100
0
0
0
0
2.00381932340213E-12
0
0
0
0
2.00402914560312E-11
0
0
0
0
2.00416939202794E-09
0
0
0
2.00418755510257E-08
0
0
0
0
0
0
0
0
0
0
0
0
0
0
0
0
0
0
0
0
0
0
0
0
0
0
0
0
0
0
0
0
0
0
0
0
0
0
0
0
-100
0
0.199999983793106
-100
0
0
0
0
0
0
0
0
0
0
0
0
0
0
0
0
0
0
0
0
0
0
0
0
0
0
0
0
0
0
0
0
0
0
0
0
0
0
0
0
0
0
0
0
0
0
0
0
0
0
0
0
0
0
0
0
0
0
0
0
0
0
0
0
0
0
0
0
0
0
0
0
0
0
0
0
-100
0
0
-100
0
0
0
0
0
0
0
0
0
0
0
0
0
0
0
0
0
0
0
0
0
0
0
0
0
0
0
0
0
0
0
0
0
0
0
0
0
0
0
0
0
0
0
0
0
0
0
0
0
0
0.0041
0
0
0
0
0
0
0
0
-100
0
0
0
0
0
0.0001
0
0
0
0
0
0
0
0
0
0
0
0
0
0
0
0
0
0
0
0
0
7.97443731347088E-19
0
0
0
0
0
0
0.0001
0
0
0
0
0
0
0
0
0
0
0
0
0
0
0
0
0
0
0
0
0
0
0
0
0
0
0
0
0
0
0
0
0
0
0
0
0
0
0
0
0
0
0
0
0
0
0
0
0
0
0
0
0
0
0
0
0
0
0
0
0
0
0
0
0
0
0
0
0
0
0
0
0
0
0
0
0
0
0
0
0
0
0
0
0
-100
0
0
-100
0
0
0
0
0
0
0.0001
0
0
0
0
0
0
0
0
0
0
0
0
0
0
0
0
0
0
0
0
0
0
0
0
-100
0
0
0
0
0
0
0
0
0
0
0
0
0
0
0
0
0
0
0
0
0
0
0
0
0
0
0
0
0
0
0
0
0
0
0
0
0
0
0
0
0
0
0
0
0
0
0
0
0
0
0
0
0
0
0
0
0
0
0
0
0
0
0
0
0
0
0
0
0
0
0
0
0
0
0
0
0
0
0
0
-100
0
0
-100
0
0
0
0
0
0
0
0
0
0
0
0
2.00419499046469E-07
0
0
0
0
0
0
0
0
0
0
0
0
0.200419999183956
0
0
0
0.0002
0
0
0
0
0
0
0
0
0
0
0
0
0
0
0
0.0041
0
0
0
0
0
0
0
0
0
-100
0
0
0
0
0
0
0
0
0
0
1.09665268109611E-08
7.58149425517574E-08
0
0
0
0
0
0
0
0
0
0
0
0
0
0
0
0
0
0
0
0
0
0
0
0
0
0
0
0
0
0
0
0
0
0
0
0
-100
0
0
0
0
0.0002
0
0
0
0
0
0
-100
6.10867726803772E-08
0
-100
0
0
6.18674137546148E-33
0
0
1.37607426225921E-28
0
0
0
0
0
0
-100
0
0
-100
0
0
0
0
0
0
0
0
0
0
0
-100
0
0
0
0
0
0
0
0
0
0
0
0
0
0
0
0
0
-100
0
-100
0
0
0
0
0
0
0
0
0
0
0
0
0
0
0
0
0
0
0
0
0
0
0
0
0
0
0
0
0
0
0
0
-100
0
0
-100
0
0
0
0
0
0
0
0
0
0
0
0
0
0
0
0
0
0
0
0
0
0
0
0
0
0
0
0
0
0
0.0002
0
0
0
0
0
0
0
0
0
0
0
0
0
-100
0
0
0
2.86403632346782E-20
0
0
0
0
0
0
0
0
0
0
0
0
0
0
0
0
0
0
0
0
0
0
0
0
0
0
0
0
0
0
0
0
0
0
0
0
0
0
0
0
0
0
0
0
0
0
0
0
0
0
0
0
0
-100
0
0
0
0
0
0
0
0
0
0
0
0
0
0
0
0
0
0
0
0
0
0
0
0
0
0
0
0
0
0
0
0
0
0
1.50700095E-37
0
0
0
0
0
0
0
0
0
0
0
0
0
0
0
0
0
0
0
0
0
-100
0
0
0
-100
0
0
0
0
0
0
0
0
0
0
0
0
0
0
0
0
0
0
0
0
0
0
0
0
0
0
0
0
0
0
0
0
0
0
0
0
0
0
0
0
0
0
0
0
0
0
0
0
0
0
0
0
0
0
0
0
0
0
0
0
0
0
0
0
0
0
0
0
0
0
0
4.3092E-35
0
0
0
0
1.50843116817663E-24
0
0
0
0
0
-100
0
0
0
0
0
0
0
0
0
0
0
0
0
0
0
0
0
0
0
0
0
0
0
0
0
0
-100
0
0
0
0
0
0
0
0
0
0
0
0
0
0
0
0
0
0
0
0
0
0
0
0
0
0
0
0
0
0
0
0
0
0
0
0
0
0
0
0
0
0
0
-100
0
0
0
0
0
0
0
0
0
0
0
0
0
0
0
0
0
0
0
0
0.0043
0
0
0
0
0
0
0
0
0
0
0
-100
0
0
0
0
0
0
0
0
0
0
0
0
0
0
-100
-100
-100
0
0
0
0
0
0
0
0
0
0
0
0
0
0
0
0
0
0
0
0
0
0
0
0
0
0
0
0
0
0
0
0
0
0
0
0
0
0
0
0
0
0
0
0
0
0
0
0
0
0
0
0
0
0
0
0
0
0
0
0
0
0
0
0
0
0
0
0
0
0
0
0
0
0
0
0
-100
0
0
-100
0
0
0
-100
0
0
0
0
0
0
0
0
0
0
0
0
0
0
0
0
0
0
0
0
0
0
0
0
0
0
0
0
0
0
0
0
-100
0
0
0
0
0
0
0
0
0
0
0
0
0
0
0
0
0
0
0.0002
0
0
0
0
0
0
0
0
0
0
0
0
0
0
0
-100
0
0
0
0
0
0
0
0
0
0
0
0
0
0
0
0
0
0
0
0
0
0
0
-100
0
0
0
-100
0
0
0
0
0
0
0
-100
0
0
0
0
0
0
0
0
0
0
0
0
0
0
0
0
0
0
0
0
0
0
0
0
0
0
0
0
0
0
0
-100
0
0
0
0
0
0
0
0
0
0
0
0
0
0
0
0
0
0.0044
0.0044
0
0
0
0
0
0
0
0
0
0
0
8.82599631046083E-16
0
0
0
0
0
0
0
0
0
0
0
0
0
0
0
0
0
0
0.0043
0
0
0
0
0
0
0
0
0
-100
0
0
0
0
0
0
0
0
0
0
0
0
0
0
0
0
0
0
0
0
0
0
0
0
0
0
0
0
0
0
0
0
0
0
0
0
0
0
0
0
0
0
0
0
0
0
0
0
0
0
0
0
0
0
0
0
0
0
0
-100
0
0
0
0
0
0
0
0
0
0
0
0
0
0
0
0
0
0
0
0
0
0
0
0
0
0
0
0
-100
0
0
0
0
0
0
0
0
0
0
0
0
0
0
0
0
0
0
0
0
0
0
0
0
0
0
0
0
0
0
0
0
0
0
0
0
0
0
-100
0
0
0
0
0
0
0
0
0
0
0
0
0
0
0
0
0
0
0
0
0
0
0
0
0
0
0
0
0
0
0
0
0
0
0
0
0
0
0
0
0
0
0
0
0
0
0
0
0
0
0
0
0
0
0
0
0
0
0
0
0
0
0
0
0
0
0
0
0
0
0
0
0
0
0
0
-100
0
0
-100
0
0
0
0
0
0
0
0
0
0
0
0
0
0
0
0
0
0
0
0
-100
-0.01
0.000629479395192353
-100
0
0
0
-100
0
-100
0
-100
0
0
0
0
0
0.0002
0
0
0
0
0
0
0
0
0
0
0
0
0
0
0
0
0
0
-100
0
0
-100
0
0
0
0
0
0
0
0
0
0
4.4E-08
0
0
0
0
0
0
0
0
0
0
0
0
0
0
0
0
0
0
0
0
0
0
0
0
0
0
0
0
0
0
0
0
0
0
0
0
0
0
0
0
0
0
0
0
0
0
0
0
0
0
0
0
0
0
0
0
0
0
0
0
0
0
0
0
0
0
0
0
0
0
0
0
0
0
0
0
0
0
0
0
100
0
5.68058502884433E-21
0
0
1.75366663412662E-19
0
0
0
0
0
0
0
0
2.20375757932344E-15
0
0
0
0
0
0
0
0
0
0
0
0
0
0
0
0
0
0
0
0
0
0
0
0
0
0
0
0
0
0
0
0
0
0
0
0
0
0
0
0
0
0
0
0
0
0
0
0
0
0
0
0
0
0
0
0
0
0
-100
0
0
0
0
0
0
0
0
0
4.4E-08
0
0
0
0
0
0
0
0
0
0
0
0
-100
0
0
0
0
0
0
0
0
0
0
0
0
0
0
0
0
-100
0
0
0
0
0
2.004199999641
0
0
0
0
0
0
0
0
0
0
0
0
0
0
0
0
0
0
0
0
0
0
0
0
0
0
0
0
0
0
0
0
-100
0
0
0
0
0
0
0
0
0
0
0
0
0
0
0
0
0
0
0
0
-100
0
0
0
0
0
0
0
0
0
0
0
0
0
0
0
0
0
0
0
0
0
0
0
0
0
0
0
0
0
0
0
0
0
0
0
0
0
0
0
0
0
0
0
-100
0
0
0
0
0
0
0
0
0
0
0
0
0
0
0
0
0
0
0
-100
0
0
-100
0
0
0
0
0
0
0
0
0
0
0
0
0
0
0
0
0
0
0
0
0
0
0
0
0
0
0
0
0
0
0
0
0
0
0
0
0
0
0
0
0
0
0
-100
0
0
0
0
0
0
0
0
0
0
0
0
0
0
0
0
0
0
0
0
-100
0
0
0
0
0
0
0
0
0
0
0
0
0
0
0
0
0
0
0
0
-100
0
0
0
0
0
0
0
0
0
0
0
0
0
0
0
0
0
0
0
0
0
0
0
0
-100
0
0
0
0
0
0
0
0
0
0
0
0
0
0
0
0
-100
0
0
0
0.0002
0
0
0
0
0
0
0
0
0
0
0
0
-100
0
0
0
0
0
0
0
0
0
0
0
0
0
0
0
0
0
0
0
0
0
0
0
0
0
0
0
-100
0
0
0
0
0
0
0
0
0
0
0
0
0
0
0
0
0
0
0
0
0
0
0
0
0
0
0
0
0
0
0
0
0
0
0
-100
0
0
0
0
0
0
0
0
0
0
0
0
0
0
0
0
0
0
0
0
0
0
0
0
0
0
0
0
0
0
0
0
0
0
0
-100
0
0
-100
0
0
0
0
0
0
0
0
0
0
0
0
0
0
0
0
0
0
0
0
0
0
0
0
0
0
0
0
0
0
0
0
0
0
0
0
0
0
0
-100
-100
0
0
0
0
0
0
0
0
0
0
0
0
0
0
-100
0
0
0
0
0
0
0
0
0
0
0
0
0
0
0
0
0
-100
0
0
0
0
0
0
0
0
0
0
0
0
0
-100
0
0
0
0
0
0
0
0
0
0
0
0
0
0
0
0
0
0
0
0
0
0
0
0
0
0
0
0
0
0
0
0
0
0
0
0
0
0
0
0
0
0
0
0
0
0
0
0
0
0
0
0
0
0
0
0
0
0.0005
0
0
0
0
0
0
0
0
0
0
0
0
0
0
0
0
0
100
0
0
0
0
0
0
0
0
0
0
0
0
-100
0
0
0
0
0
0
0
0
0
0
0
0
0
0
0
0
0
0
0
0
0
0
0
0
0
0
0
-100
0
0
0
0
0
0
0
0
0
0
0
0
0
0
0
0
0
0
0
0
0
0
0
0
0
0
0
-100
0
0
-100
0
0
0
0
0
0
0
0
0
0
0
0
0
0
0
0
0
0
0
0
0
0
0
0
0
0
0
0
0
0
0
0
0
0
0
0
0
0
0
0
0
0
0
0
0
0
0
0
0
0
0
0
0
0
0
0
0
0
0
0
0
0
0
0
0
0
0
0
0
0
0
-100
0
0
0
0
0
0
0
0
0
0
0
0
0
0
0
0
0
0
0
0
0
0
0
0
0
0
0
0
0
0
-100
0
0
0
0
0
0
0
0
0
0
0
-100
0
-100
0
0
0
0
0
0
0
0
0
0
0
0
0
0
0
0
0
0
0
0
0
0
0
0
0
0
0
0
0
0
0
0
0
0
0
0
0
0
0
0
0
0
0
0
0
0
0
0
0
0
0
-100
0
0
0
0
0
0
0
0
0
0
0
0
0
0
0
0
0
0
0
0
-100
0
0
0
0
0
0
0
0
0
0
0
0
0
0
0
-100
0
0
0
0
0
0
0
0
0
0
0
0
0
0
0
0
0
0
0
0
0
-100
0
0.0002
0
0
0
0
0
0
0
0
0
0
0
0
0
0
0
0.0003
0
0
0
0
0.0041
0
0
0
0
0
-100
0
0
0
0
0
0
0
0
0
0
0
0
0
0
0
0
0
0
0
0
0
0
0
0
0
0
-100
0
0
0
0
0
0
0
0
0
0
0
0
0
0
0
0
0
0
0
0
0
0
0
0
0
0
0
100
0.0420000153416005
0
0
0
0
0
0
0
0
0
0
0
0
0
0
0
0
0
0
0
0
0
0
0
0
0
0
0
0
0
0
0
0
0
0
0
0
0
0
0
0
0
0
0
0
0
0
0
0
0
0
0
0
0
0
0
0
0
0
0
0
0
0
0
0
0
0
0
0
0
0
0
0
0
0
0
0
0
0
0
0
0
0
-100
0
0
0
0
0
0
0
0
0
-100
0
0
-100
0
0
0
0
0
0
0
0
0
0
0
0
0
0
0
0
0
0
0
0
0
0
0
0
0
0
0
0
0
0
0
0
0
0
0
0
0
0
0
-100
0
0
0
0
0
0
0
0
0
0
0
0
0
-100
0
0
0
0
9.84E-12
0
0
0
0
-100
0
0
-100
0
0
0
0
0
0.0043
0
0
0
0
0
0
0
0
0
0
0
0
0
0
0
0
0
0
0
0
0
0
0
0
0
0
0
0
0
0
0
0
0
-100
0
0
0.0041
0
0
0
0
0
0
0
0
-100
0
0
0
0
0
0
0
0
0
0
0
0
0
0
0
0
0
0
0
0
0
0
0
0
0
0
0
0
0
0
0
0
0
0
0
0
0
0
0
0
0
0
0
0
0
0
0
-100
0
0
4.4E-08
0
0
0
0
0
0
0
0
0
0
0
0
0
0
0
0
0
0
0
0
0
0
0
-100
0
0
0
0
0
0
0
0
0
0
0
0
0
0
0
0
0
0
0
0
0
0
0
0
0
0
0
0
0
-100
0
0
0
0
0
0
0
-100
0
0
0
0
0
0
0
0
0
0
0
0
0
0
0
0
0
0
0
0
0
-100
0
0
0
0
0
0
0
0
-100
0
0
0
0
0
0
0
0
0
0
0
0
0
0
0
0
0
0
0
0
0
0
0
0
0
0
0
0
0
0
0
0
0
0
0
0
0
0
0
0
0
0
0
0
0
0
0
0
0
0
0
0
0
0
0
0.42000019381114
0
0
4.20000199433356
0
-100
0
0
-100
0
0
1.63918E-07
0
0
0
0
0
0
0
0
0
0
0
0
0
0
0
0
-100
0
0
0
0
0
0
0
0
0
-100
-100
-100
0
0
0
0
0
0
0
0
0
0
0
-100
0
0
0
0
0
0.01259916
42.0000199961226
0
0
0
0
0
0
0
0
0
-100
0
0
0
0
0
0
0
-100
0
0
-100
0
0
0
0
-100
0
0
0
0
0.0002
0
0
0
0
0
0
0
0
-100
0
0
0
0
0
0
0
0
0
0
0
0
0
0
0
0
0
0
0
0
0
0
0
0
0
0
0
0.0042
0
0
0
0
0
0
0
0
0
0
0
0
0
0
0
0
0
0
0
0
0
0
0
0
0
0
0
0
0
0
0
0
0
0
0
0
-100
0
0
0
0
0
0
0
0
0
0
0
0
0
0
0
0
0
0
0
0
0
0
0
0
0
0
0
0
0
0
0
0
0
0
0
0
0
0
0
0
0
0
0.0005
0.0002
0
0
0
0
0
100
0
0
0
0
0
0
0
0
0
0
0
0
0
0
0
0
0
0
0
0
0
0
0
0
0
0
0
0
0
0
0
0
0
0
0
0
0
0
0
0
0
0
0
0
0
0
-100
0
0
0
0
0
0
0
0
0
0
-100
0
0
0
0
0
0
0
0
0
0
0
0
0
0
0
0
0
0
0
0
0
0
0
0
0
0
0
0
0
0
0
0
0
0
0
-100
0
0
0
0
0
0
0
0
0
0
0
0
0
0
0
0
0
0
0
-100
0
0
0
0
0
0
0
0
0
0.000199995363774831
0
0
0
0
0
0
0
0
0
0
0
0
0
0
0
0
0
0
0
0
0
0
0
0
0
-100
0
0
0.0041
0
0
0
0
0
0
0
0
0
0
0
0
0
0
0
0
0
0
0
0
0
0
0
0
0
0
0
0
0
0
0
0
-100
0
0
0
0
0
0
0
0
-100
0
0
0
0.00199999020154976
0
0
-100
0
0
-100
0
0
0
0
0
0
0
0
0
0
0
0
0
0
0
0
0
0
0
0
0
0
0
0
0
0
0
0
0
0
0
0
0
0
0
0
0
0
0
0
0
0
0
0
0
0
0
0
0
0
0
0
0
0
0
0
0
0
0.000300002
0.0004
0
0
0
0
0
0
0
0
0
0
0
100
0
0
0
0
0
0
0
0
0
0
0
0
0
0
0
0
0
0
0
0
0
0
0
0
0
0
0
0
0
0
0
0
0
0
0
0
0
0
0
0
0
-100
0
0
-100
0
0
0
0
0
0
0
0
0
0
0
0
-100
0
0
0
0
0
0
0
0
0
0
0
0
0
0
0
0
0
0
0
0
0
0
0
-100
0
0
-100
0.0199999843410228
0
0
0
0
0
0
0
0
0
0
0
0
0
0
0
-100
0
0
-100
0
0
0
0
0
0
0
0
0
0
0
0
0
0
0
0
0
0
0
-100
0
0
0
0
0
0
0
0
0
0
0
0
0
0
0
0
0
0
0
0
0
0
0
-100
0
0
0
0
0
0
0
0
-100
0
0
-100
0
0
0
0
0
0.0002
0
0
0
0
0
0
0
0
0
0
0
0
0
0
0
0
0
0
0
0
0
0
0
0
0
0
-100
0
0
-100
0
0
0
0
0
0
0
0
0
0
0
0
0
0
0
0
0
0
0
-100
0
1.9999999915448
0
0
0
0
0
0
0
0
0
-100
0
0
0
0
0
0
0
0
0
0
0
0
0
0
0
0
100
0
0
0
0
0
0
0
0
0
0
0
0
0
0
0
0
0
0
0
0
0
0
0
0
0.0003
0
0
0
0.0003
0
0
0
0
0
0
0
0
0
0
0
0
100
0
-100
0
0
-100
0
0
0
0
0
0
0
0
0
0
0
0
0
0
0
0
0
0
0
0
0
0
0
0
0
0
0
0
0
0
0
0
0
0
0
0
0
0
0
0
-100
0
0
0
0
0
0
0
0
0
0
0
0
0
0
-100
0
0
0
0
0
0
0
0
0
0
0
0
0
0
0
0
0
0
0
0
0
0
0
0
-100
0
0
-100
0
0
0
0
0
0
0
0
0
0
0
0
0
0
0
0
0
0
0
0
0
0
0
0
0
0
0
0
0
0
0
0
0
0
0
0
0
0
0
-100
0
0
0
0
0
0
0
0
-100
0
0
0
0
0
0
0
0
0
0
0
0
0
0
0
0
0
0
0
0
0
0
0
0
0
0
0
0
0
0
0
0
0
0
0
0
0
0
0
0
0
0
0
0
0
0
0
0
0
0
6.25802904215673E-06
0
0
0
0
0
0
0
0
0
0
0
0
0
0
0
0
0
0
0
0
0
0
0
0
0
0
0
0
0
0
0
0
0
0
0
0
0
0
0
0
0
0
0
100
0
0
0
0
0
0
0
0
0
0
0
0
0
0
0
0
0
0
0
-100
0
0
0
0
0
0
0
0
-100
0
0
-100
0
0
0
0
0
0
0
0
0
0
0
0
0
0
0
0
0
0
0
0
0
0
0
0
0
0
0
0
0
0
0.0004
0
0
0.0002
0
0
0
0
0
0
0
0
0
100
0
0
0
0
0
0
0
0
0
0
0
0
0
0
0
0
0
0
0
0
0
0
0
0
0
0
0
0
0
0
0
0
0
0
0
0
0
0
0
-100
0
0
0
0
0
0
0
0
0
0
0
0
0
0
0
-100
0
0
0
0
0
0
0
0
-100
-100
-100
-100
0
0
0
0
0
0
0
0
0
0
0
0
0
0
0
0
-100
-100
-100
0
-100
0
0
-100
0
0
0
-100
0
0
0
0
0
0
0
0
0
0
0
0
0
0
0
0
-100
0
0
0
0
0
0
0
0
0.0003
0.0003
0
0
0
0.0004
0
0
0
0
100
0
0
0
0
0
0
0
0
0
0
0.0004
0
0
0.0002
0
0
100
0
0
0
0
6.20283949938284E-07
0
0
0
0
0
0
0
0
0
0
0
0
0
0
0
0
0
0
0
0
0
0
0
0
0
0
0
0
0
0
0
0
0
0
0
0
0
0
-100
0
0
-100
0
0
0
0
0
0
0
0
0
0
0
0
0
0
0.0003
0
0
0
0
0
100
0
0
0
0
0
0
0
0
0
0
-100
0
0
0
0
0
0
0.0002
0
0
0
0
0
0
0
0
0
0
0
0
0
0
0
0
0
0
0
0
0
0
0
0
0
0
0
0
0
0
0
0
0
0
0
0
0
0
0
0
0
0
0
0.0004
0
0
0
0
0
100
0
0
0
0
0
0
0
0
0.0002
0
0
0
0
0
0
0
0
0
0
0
0
0
0
0
0
0
0
0
0
0
0
0
0
0
0
0
0.0002
0
0
100
0
0
0
0
0
0
0
0
0
0
0
0
0
0
0
0
0
0
0
0
0
0
0
0
0.0001
0
0
0
0.0001
0
0
0
0
0
0
0
0
0
0
100
0
0
0
0
0
0
0
0
0
0
0
0
0
0
0
0
0
0
0
0
0
0
0
0
0
0
0
-100
0
0
0
0
0
0
0
-100
0
0
0
0
0
0
0
0
0
0
0
0
0
0
0
0
0
0
0
-100
0
0
0
0
0
0
0
0
0
0
0
0
0
0
0
0
0
0
0
0
0
0
0
0
0
0
-100
0
0
0
0
0
0
0
0
0
0
0
0
0
0
0
0
0
0
0
0
0
0
0
0
0
0
0
0
-100
0
0
0
0
0
0
0
0
0
0
0
0
0
0
0
0
0.0001
0
0
0
0
0.0004
0
0
0
0.0004
0
0
0
0
0
100
0
0
0
0
0
0
0
0
0
0
0
0
0
0
0
0
0
0
0
0
0
0
0
0
0
0
0
0
0
0
0
0
0
0
0
0
0.0001
0
0
0
0
0
-100
0
0
0
0
0
0
0
0
0
0
0
0
0
0
0
0
0
0
0
0
0
0
0
0
0
0
0
0
0
0
0.0004
0
0.0001
0
0
0
0
0.0002
0
0
0
100
0
0
0
0
0
0
0
0
0
-100
5.94392517205216E-09
0
0
0
0
0
0
-100
0
0
0
0
0
0
0
0
0
0
0
0
0
0
0
0
0
0
0
0
0
4E-09
0
0
0
0
0.0002
0
0
100
0
0
-100
0.00629841027735755
0
-100
0
0
0
0
0
0
0
0
0
0
0.0005
0
0
0
0
0
0
0.0001
0
0
0
0
100
0
0
0
0
0
-100
0
0
-100
0
0
0
0
0
0
0
0
-100
0
0
0
6.28400841036274E-05
2.70420220465182E-21
1.53914090346609E-25
2.522128E-26
-100
0
0
0
0
0
0
-100
0
0
0
0
0
-100
-100
0
0
0
0
0
3E-09
0
1.19992E-08
0
0
0
0.0004
0
0
0
0
0
0
100
0
0
-100
0
0
0
0
0
0
0
0
0
0
0
0
0
0
0
0
0
0
0
0
0
0
0
0
0
0
0
0
100
0
0
0
8E-14
3E-14
4E-14
0
0
0
0
0
0
100
0
0
0
0
0
0
0
0
0
0
0
0
0
100
0
0
0
0
0
0
0
0
0.0003
0.0004
0
0.0001
0
0
0
0
0
0.0003
0
0
0
0
100
0
0
0
0
0
0
0
0
-100
0
0
0
0
0
0
0
0
0
0.0001
0
-100
0
0
0
0
0
0
4E-09
0
0
0
0
100
0
0
0
0
0
0
0
0
0
0
0
0
0
0.0002
0
100
0
0
0
0
0
0
0
0
0
0
0
0
0
0
100
0
0
0
-100
0
0
0
0
0
0
0
0
0
0
0
0
0
0.0005
0
0
0
0
0
0
0
0
0
0
0
0
0
0
0
0
100
0
-100
0
0
0
0
0
0
0
100
0
0
0
0
0
0
0
0
0.0001
0
0
0
0
0
-100
0
0
0
-100
0.0003
0
0
0
0
100
0
0
0
0
0
0
0
0
0
0
0
0
0
0
0
0
0
-100
0
0
0
0
0
0
0.0001
0
100
0
0
0
1.19992E-08
0
0
4E-14
4E-09
0
0
0
0
0
0.0004
0
0
0
0
0
0
0
0.0002
0
0
0
100
0
0
4E-14
0
0
0
0
0
4E-09
0
0
0
0
100
0
0
0
0
0
0
0
0
0
0
100
0
0
0
0
0
0
0
0
0
0
0
0
0
100
0
0
0.0001
0
0
0
0
0.0002
0
0
0
0
0
100
0
0
0
0
100
0
0
0
0
0
0
0
0
0
0
0
0
0
0
0
0
0.0003
0
0
0
0
0
0
0
0
100
0
0
0
4E-14
0
0
0
0
0
0
0
0
0
0
0
0.0002
0
0
0
0
100
0
0.0005
0
0
0
0.0003
0
0
0
0.0002
0
0
0
0
0
100
0
0.0629961099568561
8E-14
0
0
0
0.0004
0
0
0
0
0
0
0
0
0
100
0
0
0
6E-09
0
8E-09
0.629993478117989
0
0
0.0003
0
0
0
100
0
0
6.2999926032298
0.00119992
0
0
0.0002
0
0
0
0
0
100
0
0
0.0004
0
0
0
0
0
0
0
0
0
0
0
100
0
0
0
0
0
0
0
0
0
0
0
0.0001
0
0
0
100
0
0
0
0
0
0
0
0.0002
0
0
100
0
0
0
0.0002
0
0
0
0
0
0
0
0
100
0
0
0
0.0002
0
0
0
0
0
100
0
0
0
0
0.0003
0
0
0
0
0
0
0
0
0
0
0
100
0
0
0.00259996
0.00289994
12.9999957482928
0.00359976
100
0.00259996
0.00359976
0.0029998
0
0
0.0003
0
0
100
0
0
0
0
100
0
100
100
100
100
100
0
0
0
100
100
0
0
