NaN
NaN
NaN
NaN
-1.04861700339785E+218
-1.69688537830207E+217
9.26109945870497E+216
-2.77769848540246E+217
-1.09001107462213E+151
-1.2383373022355E+150
7.15483774624953E+150
-3.46997031708601E+149
-7.78399770365909E+92
-2.84667258104141E+96
-2.89853407249504E+94
-8.68105275830566E+95
-1526.58025725602
-100
-100
-1478.13052311676
-0.00033858
-100
-100
0.001628029312272
0
-0.00036531
-5.68814400000006E-05
-4.6332E-05
0
-0.261360000000001
-0.261360000000001
0
0
0
0
0
0
0
0
0
2.916E-08
0
0
3.674278098E-11
0
0
0.00032401458
0
0
0
9
0
0
0
0
0
0
0
0
0
-100
-100
-100
0
-13131.8192795344
-100
-100
-760.355186351943
-3.84912000000001E-09
-100
-100
0
-41157647.1354503
7660140.29560274
-101256456.339064
-180910.624628736
-0.000310932377461557
-0.018
-0.018
-0.121638526595212
0.00163053
-100
-100
-0.00657721879106693
0
0.99
1.188000032076
0
-3.564E-05
0
0
0
0
0
0
0
8.5293E-12
0
0
0
0
0
0
0
0
0
1.458E-08
0
0
0
-0.000404352
-0.00613332
-100
0.900162
2.160324
0.000324
-100
2.16
1.8
-100
-2.27889053546635E+165
-1.07512605461531E+165
-1.52710748087533E+165
-1.78978047642879E+161
1.18593609583998E+22
-4.02409991297271E+20
-4.02409991297271E+20
-1.63525086621414E+21
-2.5933446E-06
-100
-100
-6.80708915753301E-11
-1874306825012.59
-2688669434524.19
-122073924336.768
-43009688672.7098
-100
-2574.84677328
-1174.9868223317
-100
3.09626488719296E+65
-4.02428606474361E+64
-9.59074125912743E+64
-4.02428545618519E+64
-3.92517461373447E+16
-3.91404544512567E+16
2.19957399313334E+15
-3.92517462018449E+16
-100
-166.878792
-110.522504857118
-100
17.280324
7.2
7.200648
-100
1.8
0
0.000162
7.2
0
1.8
1.8
0
0
0
0
0
0
0
0
2.36187496944E-16
0
0
0
0
0
0
-5.832E-09
0
0
0
0
0
0
0
0
-100
-746.67689222399
-100
-55.8625277952001
29.9427326259611
3.6
4.32
3.6
-100
0
0
0
0
0
0
0
0
0
0
0
0
-0.0008019
0
0
0
0
0
0
0
0
0
0
0
0.00081
4.69476E-07
2.91626244E-08
4.6656E-08
0
0.000324
0.0002592
0
-100
1.07984448
1.8
0.0002592
-100
0
0
0
-3.2027886E-06
-100
-100
2.774878722E-05
-2.87687969609648E+23
-3.36041316252595E+24
-4.00657739630728E+22
1.44223828248469E+23
4.52010953274915
-7.80181265653087
-5.50326578816927
-101.393803784881
-100
-1.42559999999999
-3.86764484253357
-100
2.03059949156064E-06
-100
-100
-8.2884384E-06
-7.2171E-08
0
0
0
0
0
0
0
0
0
0
8.91E-05
1.3115858904E-12
1.98
1.188
0
0
0
1.18098E-16
2.916E-07
0.00162
-5.2488E-13
1.3122E-12
0
0
0
0.000324
0.000259234992
9
0
0
0
0
0
0
0
0
-100
0
0
-100
-100
-100
-100
-0.0013026066037776
-100
-100
-0.137392219597528
0
-100
-100
-3.04722E-08
-159.029169938492
-29.3410472918535
-1877.20345315311
-9.41991970791151
-2838.01059540639
-100
-100
-22715.0327719774
-100
-100
-100
-100
3.38211446260452E-07
-1.47059999999999
-0.499772160000001
-3.52464745290325E-08
-9.28254360474858E-22
-1.2846438E-09
-9.76299632280001E-36
-4.0858139610918E-39
-7.05672E-07
0
-1.0460353203E-36
0
0
0
0
0
0
0
0
0
0
0
0
0
0
2.36196E-16
0
2.6244E-12
0
0
0
1.57464E-12
0
0
0
0
0
0.00105300729
0.001053
0
0
0
1.8
0
0
0
0
0
0
0
0
0
0
0
0
0
0
0
0
0
0
0
0
0
0
0
0
0
-100
0
0
-100
-4.58314718399866E-17
-5.4755429112E-27
0
-5.5801305E-17
-3.8263752E-25
0
0
0
0
0
0
-3.36797999999999E-07
0
0
0
0
0
0
8.1E-05
0
0
0
0
0
-100
11.7
11.7
0
-0.001126224
-100
-100
0.000574299045007302
-3.564E-05
-100
-100
-0.0002391712811136
0
1.782E-05
0.00010692
-4.2768E-05
1.9131876E-24
1.188
1.188
0
0
0
0
0
0
0
0
0
0
0
0
5.2488E-12
0
0
0
0
0.000162
0
0
0
0
0
-0.000550849572
0.003158997084
0
0.900162
1.800162
0
-100
1.8
1.8
0
0
0
0
0
0
0
0
0
0
13.5
0
3.6
-100
0
0
-100
-7.63737829192832E-07
-100
-100
-3.977424E-07
0
0
-0.027
0
-100
-100
-100
-100
-1.36641161844E-06
-0.018
-0.018
4.7570988058706E-17
-100
-100
-100
-100
0
-100
-100
0
0
0
0
0
0
0
0
0
0
0
0
0
0
0.99
1.98
0
0
0.000162
9.72E-05
0
-100
0
1.8
0
-100
2.16
1.8
-100
-100
-100
-100
-100
6.48
2.1603888
9.36
13.824
0
0
0
0
0
0
0
0
0
4.72392E-16
0
5.3153665938E-21
3.499514928E-08
0
2.6244E-12
0
0
8.1E-05
0.000162
0
0
0
0
0
-100
0
11.7
-100
0
-5.100084E-07
0
-4.891382964E-18
-3.564E-05
0
0
0
0
0.99
1.188
0
4.0824E-08
0
2.6244E-12
2.6244E-12
0
0
0
0
0
0
0
0
0
0
0
1.8
0
0
0
0
0
0
0
0
9
1.8
0
-100
0
0
0
0.0001782
0
0
0
0
0
0
0
0
0
0
0
0
0
1.188
1.188
0
0
1.062882E-20
0
-4.251528E-21
0
0
0
0
0
0
0
0
0
0
0
0
-100
0
0
-100
-1.186812E-07
-100
-100
-1.11585810537475E-11
-6.62904095862528E-19
-8.05834617120001E-32
-2.618941248E-11
2.16513E-12
-2.124603332856E-15
1.43489067791703E-23
-1.0847773692E-31
-1.186812E-07
0
0
0
0
2.62439999999999E-13
2.6244E-12
0
0
1.3122E-12
0
0
0
0
8.1E-05
0
-100
9
1.8
10.8
0
0
0
0
0
0.001215
0
0
0
0
0
0
0
0
0
0
-100
0
0
0
0
0
0
0
4.74202678536E-28
-100
-0.00010381618825002
-0.047483842083487
-100
-7.2990787111425E-11
-100
-100
6.25635318097912E-12
0
0.000381348
0
-3.564E-05
0
0
0
0
0
0
0
1.3122E-11
6.999029856E-08
0
0
-100
0.000324
0
0
0
-100
-100
12.600405
-100
0
0.99
0.99
0
0
0
0
0
0
0
0
0
0
7.29E-08
1.3122E-11
0
0
4.0824E-07
0
0
0
0
0
0
-100
-100
0
-100
-3.564E-05
-100
-100
-8.81554330800001E-18
0
0.000138996
-3.564E-05
-3.564E-05
0
0.99
0.99
0
0
0
0
0
0
0
0
0
2.6244E-12
4.72392E-16
0
1.18098E-16
1.458E-07
0
0
2.6244E-12
0
8.1E-05
8.1E-05
0
0
0.901053
0.9
0.001053
-100
11.7
11.7
-100
-0.00033858
-100
-100
0
2.06557288278027E-11
-100
-100
-3.11201352E-10
0
-100
-100
-7.2171E-08
0
0
0
0
0
0.99
0
0
0
0
0
0
0
0
0
0
0
0
0
0
0
2.04126561E-07
0
2.04126561E-07
0
0
12.6
0
0
0.9
0
0
0
0
0
0
0
0
0
0
9
0
0
0
0
0
-100
0
-3.564E-05
-100
-100
0.000146201895968235
-3.5640000288684E-05
-100
-100
0
-100
-100
-100
-100
0
0.99
0.99
0
0
0
0
0
0
0
0
0
1.51632E-07
0
0
-100
0
0
0
0
0
0
13.5
-100
0
0
0
0
0
0
0
0
0
7.8732E-12
0
0
0
0
0
0
-0.0001296
0.000324
0.0001944
0.000388834992
-100
2.1601944
2.16
0.000162
0
1.188
1.188
0
0
-7.05672E-07
4.782969E-24
0
0
0.99
1.188
0
1.458E-08
0
0
0
0
0
4.12614E-07
0
9
0
0
0
0
0
0
0
9
0
0
0
0
0
0
0
0
0
0
0
0
0
0
0
0
0
0
0
0
0
0
0
0
0
0
-100
0
0
-100
0
0
0
0
0
0
0.950399999950924
0.9504
0
0
0
0
0
0
0
0
0
0
0
0
0
0
0
0.0022680729
0.002268
1.58274479239206
-100
-100
-36.1504786140192
-2.72646E-08
-2.8619526363408E-40
3.012581722464E-40
-3.564E-05
-7.12799999998819E-05
0
0
0
0
0
0
0
0
0
0
0
0
0
0
0
0
0
8.5293E-12
0
0
0
13.5
0
0
0
1.8
0
0
0
0
0
0
0
0
0
0
0
0
0
0
0
0
0
0
0
18.9
0
0
0
0
0
0
0
0
0
0
0
0
0
0
0
0
0
-100
-12414.061929812
-8478.42340445006
-100
0
-100
-100
0
-2.309472E-11
-2.29582512E-17
0
0
-1.463588514E-28
-3.20760000000001E-09
0
-1.250964E-07
0
0
0
1.18830207567782E-14
2.79936E-08
0
0
-100
0
0
0
1.8
0
0
0
0
0
0
0
0
0
0
0
0
-100
0
0
0
0
0
0
0
0
0
0
0
0
0
0
0
0
2.125764E-20
0
0
1.18098E-16
4.72392E-16
0
0
0
0
0
0
0
0.00016220412
0
0
-100
0.9
1.8
0
-100
1.8
1.8
-100
0
0
0
1.18098E-16
0
0
0
0
0
0
0
0
0
0
0
80.0000000530712
0
0
1.8
0
-100
11.7
0
0
8.91E-05
0
0
0
2.36196E-15
0
0
0
0
0
0
0
0
0
0
0
0
1.8
0
0
0
0
0
0
0
0
0
0
0
0
0
0
0
-100
0
0
1.04976E-11
0
0.99
2.36196E-16
0
0
0
0
0
-100
-100
0
0
0
0
0
0
0
0
0
1.458E-07
9.448784784E-12
0
1.458E-07
-9.915292296E-08
1.458E-08
-2.916E-09
-100
0
0
2.3328E-07
8.1E-05
0
0.9
0
0
0
0
0
0
0
0
0
0
0
0
0
0
0
0
0
0
0
11.7
0
0
0
0
0
0
0
0
0
0
-0.00168853276568679
-2.91250156606742E-09
0
-1.3502197129806E-17
-5.46167294062848E-06
-2.32458529540798E-06
0
0
0
0
0
0
0
0
0
0
0
0
0
0
0
0
0
0
0
0
0
0
0
0
0
0
0
0
0
0
0
0
0
0
0
0
0
0
0
0
0
0
0
0
0
0
0
0
0
0
0
0
0
0
0
0
0
0
0
0
0
0
0
0
0
0
0
0
0
0
0
0
0
-100
9.565938E-25
0
0
0
0
0
0
0
0
0
0
0
0
0
0
0
0
0
0
0
-100
0
0
0
0.00163053
-100
-100
-0.00130119699204198
0
0
0
0
0
-5.832E-09
0
-100
0
0
0
-100
0
0
0
0
0
0
0
0
0
0
0
0
-2.23074E-12
0
0
0
0
0
0
0
0.000162
0
0
0
0
0
0
0
0
1.800081
11.7
0.000162
-100
0.9
1.8
-100
0
0
0
0
0
0
0
0
-100
0
0
0
0
0
0
0
0
-3.070548E-15
9.1854E-12
-2.1493836E-14
0
9.55281600000004E-12
0
-3.41172E-12
0.00162
1.8954E-07
3.7908E-07
-7.5816E-08
0
0.00344544516
-0.000118549008000003
-0.0035802
-100
2.16
14.04
-6.48E-05
-100
0.9
1.08
-100
0
0
0
0
0
1.7496E-08
0
7.29E-09
0
-1.83708E-11
3.9366E-11
0
0
0
0
0
0
0
0
0
0
0
0
0.001053
9
1.8
0
1.8
0
0
0
0
0
0
0
0
0
0
0
0
0
0
0
-100
0
0
0
0
1.458E-08
5.458752E-11
-6.82344E-12
0
0
0
0
0
0
0.9
0
0
-100
2.16
2.16
-100
0
0
0
0
0
0
-1.04976E-12
0
0
1.458E-08
6.2694E-08
0
0
0
0
0.000162
0
11.7
0
0
1.8
0
0
0
0.00081
0
0
0
0
0
0
0
-100
0
0
0
0
0
0
0
0
0
0
0
0
2.6244E-12
0
3.070548E-15
1.458E-08
0
0
-0.0244799999587969
0
1.080324
1.800162
0.000162
0
0
0
0
0
0
0
0
0
0
0
0
0
0
0
-100
-0.00033858
0
0
0
0
0.99
1.188
0
5.83252488E-08
0
0
0
0
0
0
0
0
1.8
0
0
-100
0
0
0
-6.13674054576E-35
-2.8526545446048E-29
0
-2.67846264E-23
8.953717968E-27
5.5788550416E-36
0
0
0
0
0
-2.76349311166813E-20
0
0
0
0
0
0
0
0
1.8954E-07
1.3122E-12
0
0
0
0
0
0
0
11.7
0
0
-100
0
0
0
0
0
0
0
0
0
0
0
0
0
0
0
1.458E-07
1.535274E-15
0
0
0
0.00016218954
0
-6.48E-05
0
0
13.5
-100
0
0
0
0
-1.1664E-08
0
0
0
0
0
0
0
0
0
0
0
0
0
0
0
-100
2.16
2.16
-100
0
0
0
0
0
0
0
0
0
1.458E-07
0
0
0
0.00081
0
0
0
0
0.9
0
0
11.7
0
0
0
0
0
0
0
0
0
0
0
0
0
0
0
0
0
0
0
9.9
0
0
0
0
0
0
-0.0260170613861747
-5.7079952046E-21
-1.0245119598E-20
-4.76191430580073E-05
0
0
0
-0.0360000002127056
-100
-80685.3398448938
-13632.934858754
-100
0
0
0
0
0
0
0
0
-2.0412E-07
-2.481499962E-08
0
0
0
0
0
0
0
0
0.9
0
-100
0
0
-100
0
0
0
0
0
0
0
0
0
0
0
0
-100
0
0
0
0
0
0
0
0
0
0
6.56218098E-13
0
0
0
8.1E-05
0
0
0
0
5.2488E-12
0
0
0
2.916E-08
0
0
2.6244E-12
0
0
0
0
0
0.99
0.99
0
0
0
0
0
0
0
0
0
0
0
0
0
-1.1664E-08
1.458E-07
2.3328E-08
0
0
0
9.72E-05
0.00081
9
0.001215
0
0
-100
0
13.5
-100
1.8
0
0
0
0
0
0
0
9
0
0
0
-1.53250450635872E-26
0
0
0
0
0
0
4.88046942521743E-12
-100
-139.194925392332
-27161.0014614972
-100
0
0
1.1823617466E-16
0
0
0
0
8.1E-05
0
0
0
0.0001944
0
0
0
-100
0
0
0
0
0
0
0
0
0
0
0
0
0
0
0
0
0
0
0
0
0
9.9
0
0
0
0
0
0
0
0
0
1.66642413119479E-20
0
0.99
0
0
0.0001782
8.019E-09
1.6038E-08
8.019E-09
2.125764E-20
0
0
8.91E-05
0
0
0
0
1.3122E-12
0
0
1.18098E-16
0
0
0
0
0
0
0.002268
0
-100
0.9
0
1.8
0
0
0
0
0
0
0
0
0
0
0
0
0
0
0
0
0
0
0
0
0
0
0
0
0
0
0
0
0
0
0
0
-100
0
0
0
-4.487724E-15
0
0
0
0
0
0
0
0
0
0
0
2.6243055216E-12
2.36196E-16
-4.4663456376E-12
0
0
0
0
0
0
0
8.1E-05
0
0
1.080324
1.8
0
0
0
-100
0
0
0
0
0
0
2.36196E-16
0
2.36196E-16
0
0
0
0
0
0.000324
-0.000129611664
0
-100
1.8
1.8
0
-100
0
1.8
-100
0
0
0
0
0
0
0
0
0
-100
0
0
0
0
1.8
0
0
1.8
0
0
0
0
0
0
0
0
0
0
1.535274E-15
1.188
1.188
0
4.776408E-11
0
0
0
3.03264E-07
0
0
0
0
0
0
2.3328E-07
0
0
0
0.001296
-100
0.9
0
0
0
0
0
0
0
0
0
0
0
0
0
0
0
-100
0
0
0
0
0
0
0
0
1.3122E-12
1.458E-08
0
0
0
0
0
0
0
0
-100
14.4
0
-100
-2.6099658E-15
0
0
-0.0008019
0
0
0
9.44784E-16
0
0
0
0
0
0
0
0
0
0
0
0
0
0
0
0
0
0
0
0
0
0
18.9
0
0
0
0
0
0
1.47257737166985E-14
0
0
0
0
0
0
0
0
0
0
0
0
0
0
0
0
0
0
0
0
0
0
0
0
0
0
0
0
0
0
0
0
0
0
-7.138368E-12
-6.95466E-12
-6.95466E-12
-4.293413424E-10
0
0
0
0
0
0
0
3.6
0
0
0
0
0
0
0
0
0
0
0
0
-100
0
0
0
1.312436196E-12
0
0
0
0
0
0.9
0
-100
0
0
0
0
8.36828256240001E-37
8.36828256240001E-37
0
0
4.649045868E-33
0
0
0
0
2.125764E-20
0
0
0
0
0
0
-7.5816E-08
-5.155488E-07
-100
9
0
0
0
0
0
0.9
0
0
0
0
0
0
0
0
0
0
0
0
0
-100
0
0
0
0
0.99
0.99
0
0
0
0
0
0
0
0
0
0
1.800162
0.9
0
0
0
0
-100
0
0
0
0
8.91E-05
0
0
0
0
0
0
0
7.29E-09
0
0
0
0
0
0
0
0
0
0
-100
0
0
0.99
0
0
0
0
1.18098E-16
0
0
0
0
0
0
11.7
-100
-0.0008019
-100
-100
0
0
0
0
0
0
0
0
0
0
0
0
0
0
0
-100
0
0
0
0
0
0
0
0
0
0
0
0
0
0
0
0
0
0
0
1.3122E-12
0
0
0
1.3122E-12
0
0
0
0
0.00016201458
0
0
0
0
0
-100
0
0
0
0
0
0
0
1.8
0
0
-100
1.08
0.9
-100
0
0
0
0
0
0
0
0
0
0
0
0
0
0
0
-100
0
3.6
0
0
0
0
0
0
0
0
0
0
1.8
0
0
1.8
0
0
0
0
8.91E-05
0
0
0
-100
0
0
0
0
0
0
8.109477E-05
0
0
0.00121502916
0
0
0
0
1.8
0
0
0
0
0
0
0
0
0
0
0
0
0
0
0
0
0
0
0
0
0
0
0
0
0
0
0
-100
0
0
0
0
8.91E-05
0
0
0
0
0
0
4.251528E-20
0
0
0
0
0
0
0
0
0
0
10.8
0
0
0
0
-100
0
0
0
0
0
0
0
0
0
0
0
0
0
0
10.8
0
-100
0
0
0
0
0
7.2171E-12
0
0
0
0
0
0
0
12.6
0
0
-100
0
0
0
0
0
0
0
0
0
0
0
0
0
0
0
0
0
0
0
0
0
0
-0.0001296
0.000324
0
0.000324
0
1.8
0
0
0
0
0.9
-100
0
0
0
-100
9
0
0
0
0
0
0
0
0
0
0
0
9
0
0
0
0
0
0
0
0
0
0
0
0
0
0
0
0
0
0
0
0
0
0
0
0
0
0
0
-3.20760000000001E-09
-2.598156E-17
-3.564E-05
0
8.91E-05
0
0
0
4.19904E-11
0
0
1.57464E-12
0
0
0.000324
0
0
0
0
0
-100
1.8
11.7
-100
3.600162
0
0
0
0
0
0
0
0
-3.4916184E-07
0
-100
-6.48E-05
-0.018
0
-0.018
0
0
0
0
0
0
0
0
0
0
0
0
0
0
0
-100
0
0
0
0
0
0
0
0
0
0
0
0
0.00162
0.002106
0
0
0
11.7
11.7
0
-100
-100
-100
-100
1.1823617466E-16
4.97428776E-23
0
0
0
0
1.8954E-07
80.00000018954
-0.0001296
0
-0.0035802
0
-100
1.8
11.700081
0
0
0
0
0
0
0
0
0
0
0
0
1.57464E-12
0
0
0
7.2985293E-09
0
0
12.6
0
0
0
0
0
0
0
0
0
0
0
0.001701
-100
0
18.9
0
0
0
0
0
0
0
0
0
0
0
0
0
-3.46382262103176E-12
0
0
0
0
0
0
0
-100
0
0
0
0
0
0
0
0
0
0
0
0
0
0
0
0
0
1.78200000077945E-05
7.84079999989608E-05
0.000138996
0
0
0
0
0
0
0
0
0
0
-100
0
-2.916E-08
0
0
-4.46148E-12
0
0
0
-100
0
0
0
0
0
0
0
0
0
0
0
0
0
0
0
0
0
0
0
0
-100
0
0
0
0
0
0
0
6.561E-13
0
0
0
0
0
0
0
0
0
0
0
0
0
0
0
-100
2.16
11.7
-100
0
0
0
0
0
0
0
0
0
0
0
0
0
0
0
0
0
0.000891
0
-100
0
0.99
0.99
0
0
0
0
0
0
0
0
0
0
0
0
0
0
7.29E-09
0
7.29E-09
-100
0.9
1.800162
0
0
0
0
0
0
0
0
0
-100
0
0
0
0
3.9366E-12
0
0
3.67416E-07
0
0
0
0
0
0
0
0
0
1.8
0
0
0
0
0
0
0
0
-100
0
0
0
0
-0.00033858
0
0
0
0
0
0
0
0
0
1.57464E-12
0
0
15.3
0
0
0
0
0
0
0
0
0
0
0
0
0
3.6
0
0
18.9
0
0
0
0
0
0
0
0
0
0
0
0
0
0
0
-100
0
0
0
13.5
0
0
3.6
0
0
0
0
0
0
0
0
0
0.000162
9
0
0
0
0
0
0
0
0.303033155148936
0
0
-4.44098015554155E-05
0
0
0
0
0
0
-100
0
7.29E-08
0
0
0
0
0
10.8
0
0
0
0
0
0
0
0
0
0
0
0
0
-100
0
0
0
0
0
18.9
0
0
0
0
8.0276277796517E-18
-100
0
0
-100
0
1.188
0.99
0
0
1.062882E-20
0
0
0
0
0
0
-0.000648
5.2435512E-11
2.6244E-12
1.458E-08
0
0.000162
8.1E-05
0
0
0.9
0.9
0.001053
0
0.99
0.99
0
0
0
0
0
0
0
0
0
0
0
0
-100
0
0
0
0
0
0
0
0
0
0
0
0
9
1.8
0
0
-100
0
1.8
0
0
8.91E-05
0.0001782
8.91E-05
0
0
0
0
0.00021384
2.125764E-20
0
0
6.63238368E-19
0
0
-2.0070282708E-16
6.561E-13
0
0
4.72392E-16
0
0
0
0
0.000162
0.9
0.9
0.001053
0
0
11.7
-100
0
0.99
0.99
0
0
0
0
0
0
0
0
0
0
0
0
0
1.45970586E-08
0
0
4.374E-08
0
2.6244E-12
2.6244E-12
1.458E-08
0.00081
0
0
8.1E-05
0
0
0.9
0
0
0
12.6
0
0
0
0
0
0
0
0
0
0
0
0
0
-100
0
0
0
0
-9.211644E-15
0
0
0
0
0
-0.000267299999999999
0
0
0
0
9
0
12.6
0
0
0
0
0
0
0
0
0
0
1.8
18.9
0
0
0
0
0
0
0
0
0
0
0
0
0
0
0
0
0
0
0
0
0
0
0
0
0
0
0
0
0
0
0
0
0
0
0
0
0
0
7.29E-09
0
0
0
0
0
0
0
0
0.9
0
0
0
0
0
0
0
0
0
0
0
0
0
-100
0
0
0
0
0
0
0
0
0
10.8
0
0
0
0
0
0
0
0
0
-100
0
-100
0
-100
0.9
0.9
-100
0
0
0
0
0
0
0
0
0
0
0
0
0
0
0
0
0
0
0
0
0.000972
0
0
0
-100
0
0
-100
0
0
0
7.29E-09
0
0
8.1E-05
0
0
0
0
0
0
0
0
1.8
0
-100
0
0
2.4057E-08
-1.7006112E-20
0
-7.2275976E-20
0
0
0
0
0
2.36196E-16
0
0
0
0
0
1.417176E-16
0
0
0
5.2488E-12
0
0
1.7989632
0
-100
0
0
0
0
1.92456E-07
0.000162
0
0
0
1.8
0
0
0
0
0
0
0
0
0
0
0
0
0
-100
0
0
0
0
0
1.062882E-20
0
0
0
0
0
0
0
0
0
9
13.5
0
-100
-3.564E-05
-100
-100
-4.138862508E-19
0
0
0
0
-100
0
0
-100
0
0
0
0
0
0
0
0
-100
0
0
0
0
8.91E-05
0
8.91E-05
0
0.99
0.99
0
0
0
0
0
0
0
0
0
0.000162
0.002106
0
1.458E-08
-100
1.8
0
0
0
1.45813122E-08
0
0
9
0
0
1.8
0
0
0
0
0
0
0
0
-100
0
0
0
25.92
5.400648
5.4
-100
0
0
1.8
0
0
0.99
0.990000016038
0
0
0
0
0
0
0.99
0.99
0
0
0
0
0
-100
0
0
0
-3.977424E-07
-100
-100
-9.26913384087413E-10
0
0
-4.72391999999883E-15
0
0
0
0
0
-2.4786E-07
0
0
-4.57054140348E-14
0
0
0
0
0
1.062882E-19
1.062882E-19
0
0
0
0
0
-9.44784E-17
1.98
0.99
0
0
11.7
0
0
0
0
0
1.8
0
0
0
0
0
0
0
0
0
0
0
0
0
18.9
0
0
0
0
0
0
-100
0
0
0
0
0
0
-100
0
0
0
0
0
0
0
0
0
1.8
0
0
0
0
0
0
0
0
0
0
0
0
0
0
-100
0
0
0
0
0
1.18098E-16
1.18098E-16
0
9.738954E-05
0
0
0
0
0
3.6
0
0
0
0
0
0
0
10.8
0
0
0
0
0
0
0
0
0
0
0
0
19.44
8.641296
8.6407776
-100
0
0
0.000162
7.2
0
0
0
0
1.8
0
0
0
0
0
0
0
0
0
0
0
-100
14.4
0
0
0
0
0
0
0
0
0
0
0
0
0
0
9
0
0
0
0
0
0
0
1.2895026850188E-13
-0.00270655164899425
0
9.19782338324709E-08
0
0
8.019E-09
0
0
0
0
0
-100
0
0
0
8.13218670950401E-17
-100
-100
-4.209975E-06
0
-5.845851E-16
0
0
1.417176E-16
0
0
0
0
0
0
0
0
1.082106
0.900162
0.001053
-5.588633556E-19
-100
-100
0
0
-100
-100
-2.598156E-17
0
0
0
0
0
0
0
2.36196E-16
0
0
0
0
0
0
0
3.6
0
0
0
0
0
0
0
0
0
0.000162
0
0
-100
1.8
0
0
1.8
0
0
0
0
0
0
0
0
0
0
0
-100
-4.12614E-07
1.1908944E-06
-100
0
0
8.1E-05
8.1E-05
0
0
12.6
0
0
0
0
0
0
0
0
0
0
0
0
0
-100
0
0
-100
-100
0
0
-100
0
0
0
0
0
0
0
0
0
0
0
0
0
0
0
0
0
0
0
0
0
0
0
0
0
0
0
0
0
0
0
0
0
0
0
0
0
0
0
0
0
0
0
0
0
0
0
0
0
0
0
0
-100
0
0
0
0
0
0
0
0
0
0
0
0
0
0
0
0
0
0
0
0
0
0
0
0
0
0
-100
0
0
0
0
0
0
2.36196E-16
2.36196E-16
0
0
0
0
0
0
0
0
0
0
0
-100
4.782969E-25
0.99
0.99
0
8.91E-05
0
0
0
0
0
0
0
0
1.18098E-16
0
0
0
0.9
0
0
-100
0
0
-100
0
0
0
0
0
1.3122E-12
0
0
0
0
0.00032402916
0
0
0
0
-100
0
0
0
0
0
-100
0
-100
0
0
0
0
0
0
0
0
0
-100
0
0
-100
1.800081
0
0
0
0
0
0
0
0.9
0
0
0
0
0
0
0
0
0
0
0
0
0
0
0
1.8
0
0
0
0
0
0
0
0
0
0
0
0
0
0
0
0
0
0
-100
-1.55329488E-05
-4.0908564E-06
-100
0
0
0
0
0
1.458E-08
-5.2488E-13
-1.39968E-08
-1.04976E-11
0
0
0
0
0
0
0
0
0
8.1E-05
0
0
13.5
0
0
0
0
0
0
0
0
0
0
9
0
0
0
0
0
18.9
0
0
0
0
0
8.91E-05
0
0
0
0
0
0
0
-4.46148E-12
-1.1366941248E-07
-5.2488E-13
-2.0412E-07
0
8.101458E-05
0
8.109477E-05
0
0.901053
1.801053
0.000162
0
0
0
0
0
0
0
0
0
0
0
0
0
0
0
0
0.00081
0
0
0
-100
0
0
0
0
1.18098E-16
0
0
0
0
1.8
0
0
0
0
0
0
0
0
0
0
0
0
0
0
-100
-100
0
0
7.74840978E-33
0
0
0
1.062882E-20
0
2.12825114388E-20
9
0
1.8
0
0
0
0
0
0
0
0
0
0
0
-100
0
0
8.91E-05
0
0
0
0.99
0.99
1.062882E-20
0
0.0001944
0.00081
0.000162
-7.2
0
1.08
-0.0009072
-100
0
0
0
9
0
0
0
0
0
0
0
-100
0
0
0
0
0
0
-100
0
0.99
0.99
0
0
0
0
0
0
0
0
0
0
0
0
0
0
0
0
0
0
0
0
0
0
0
0
0
0
0
0
0
0
-100
-100
-100
0
0
0
0
0
1.458E-08
0
0
0
0
0
0
0
0
0
0
0
0
0
7.29E-09
0
0.001215
0.9
0
0
0
0
-100
0
0
0
0
0
0
0
0
0
0
0
0
0
0
1.8
0
0
0
13.5
0
1.8
0
0
0
0
0
0
0
0
0
0
0
0
1.8
0
0
0
0
0
0
0
0
0
0
0
0
0
0
-100
0
0
-100
0
0
0
0
0
0
0
0
9
0
0
0
0
0
0
0
0
0
0
0
0
0
0
0
0
0
0
0
0
0
0
0
0
0
0
0
0
0
0
0
0
0
0
0
0
0
0
0
0
1.08
0.9
0
0
0
0
0
0
0
0
0
0
0
0
0
7.2
0
7.2
0
0
0
0
0
0
0
0
0
0
0
0
0
0
0
0
0
0
0
0
0
0
0
0
0
0.0001944
-0.71756994168
0
0.001134
0
0
0
0
0
0
0
0
0
1.8
0
0
0
0
0
0
0
0
0
0
0
0
0
0
0
0
0
0
0
0
0
0
0
0
0
0
0
8.1E-05
8.1E-05
0
0
0
12.6
0
0
0
0
0
0
0
0
0
0
0
0
0
0
0
0
0
0
0
0
0
-100
0
0
-100
-2.6244E-13
0
0
-1.0509882192E-12
0
7.08588E-17
0
0
0.002106
2.0412E-07
0
0.000162
0
0
0
0
0
0
12.6
0
0
4.5
0
0
0
0
0
0
0
0
0
0
0
0
0
-100
0
0
0
0
-100
0
0
0
0
0
0
0
-2.259860634E-07
3.9366E-12
0
0
0
0.00081
0
8.101458E-05
0
0
0.9
0
0
0
0
0
0
0
0
0
0
0
0
0
0
0
0
1.8
0
0
0
-100
-100
-100
-100
-100
0.00081
0
0
0
0
1.800162
1.8
0.000162
0
0
0
0
0
0
0
0
0
-100
0
-100
0
0
0
0
0
0
0
0
0
0.9
0
0
0
0
0
0
0
0
0
0
0
0
0
0
-100
0
8.019E-08
0
0
9.9
9.9
0
0
0
0
0
0
0
0
0
9.565938E-25
0
0
0
0
0
0
0.000162
-100
2.16
11.7
-100
0
0
0
0
0
0
0
1.458E-08
0
0
1.458E-08
0
0
0
0.9
0
0
0
0
0
0
0
0
0
0
0
0
-100
0
0
0
0
0
0
0
0
0
0
0
0
0
1.8
0
0
-100
0.9
0
-100
0
0
0
0
0
0
0
0
0
0
0
0
0
0
0
0
0
0
9.9
0
0
0
0
0
-100
0
0
-100
1.3122E-12
2.36196E-16
1.3122E-11
0
0
0
0
0
-100
11.7
11.7
0
0
0
0
0
0
0
0
0
0
0
0
0
0
18.9
0
0
0
0
0
0
0
0
0
0
0
0
0
0
0
0
0
0
-100
0
0
-100
0
0
0
0
0
0
0
0
2.3328E-07
0
0
-5.832E-09
0
12.6
0
0
0
0
0.9
0
0
0
0
0
0
0
0
0
9
0
0
0
0
0
0
0
0
0
0
0
0
1.3122E-12
6.561E-13
0
0
0
0
0
0
0
0
0
-100
0
0
-100
0
0
0
0
0
0
0
0
-100
0
-100
0
0
8.91E-05
0
0
0
0
3.6
0
0
0
0
0
0
0
0
0
0
0
0
0
0
0
0
1.8
0
0
0
0
0
0
0
0
0
0
0
0
0
0
0
0
0
1.3122E-12
0
0
0
0
0
0
-100
11.7
11.7
0
0
0
0
7.2171E-13
0
0
0
0
0
11.7
11.7
0
0
0
0
0
0
0
0
0
0
0
18.9
0
0
0
0
0
0
0
0
0
0
0
0
-100
0
4.72392E-16
9.23290164E-15
3.779136E-16
0
1.8
0
0
0
0
0
0
0
0
0
0
0
0
0
0
-100
0
0
-100
0
0
0
0
0
0
0
-100
0
0
0
0
0
0
0
0
0
0
0
0
0
10.8
0
0
0
0
1.8
0
0
0
0
0
0
0
0
0
0
0
0
-100
0
0
0
0
0
0
0
1.8
0
0
0
0
0
0
5.4
0
0
0
0
0
0
0
0
0
0
0
0
0
2.22744757260851E-12
0
0
0
0
0
0
0
0
0
12.6
0
0
0
0
-100
0
0
0
0
0.00010692
0
0
0
0
0
0
0
0
0
0
0
0
0
0
0
-100
0
0
0
0
0
0
0
0
0
0
0
0
0.0001296
0.000162
-3.888E-05
0
0
12.6
0
0
0
0
0
0
0
0
0
0
0
0
0
0
0
0
0
0
0
0
0
0
0
0
0
0
0
0
0
0
0.45
0
0
0
0
0
0
0
0
0
0
0
0
0
0
0
0
0
0
0
0
0
0
0
0
0
0
0
0
0
0
0
0
0
0
0
0
0
0
0
0
0
0
0
0
0
0
0
0
0
0
0
0
0
0
0
0
0
-100
8.503056E-20
0
-1.492286328E-23
0
0
0
0.00016201458
0.000162
8.1E-05
0
0
0
4.782969E-25
0
-1.04976E-11
2.6244E-11
0
0
-100
0
0
0
0
0
0
0
0
0
6.561E-13
0
0
0
0
2.916E-08
1.458E-08
0
-100
0
0
0
0
0
0
0
0.0001782
0
0
0
0
0
0
0
0
0
0
0
0
0
0
-100
0
-100
-100
-2.0785248E-15
0
0
-1.154736E-12
0
1.6038E-08
0
0
8.019E-09
0
0
0
0
0
0
0
0
0
0
0
0
0
0
0
0
9
-1.437408
0.9
0.001134
0
14.4
12.6
-100
0
0
0
0
0
0
0
0
0
0
0
0
0
0
0
0
0
0
0
-100
0
0
0
0
0
0
0
-3.5828118820688E-19
0
0
0
0
0
0
0
0
0
0
0
-100
0
0
0
0
0
0
0
0
0
0
0
0
0
0
0
0
0
0
0
0
0
0
0
0
0
0
0
0
0
0
0
0
0
-100
0
0
0
0
0
0
5.9049E-17
0
0
0
0
0
0
0
0
0
0
0
0
0.9
0
0
0
0
0
0
0
0
0
0
0
0
0
0
0
1.8
11.7
0
0
0
0
-100
0
0
0
0
0
0
0
0
0
0
0
0
0
0
0
0
-100
11.700081
14.04
0
-100
0.9
0.9
0
0
0
0
0
0
0
0
0
0
0
0
0
-100
0
0
-100
0
0
0
8.91E-05
0
1.458E-08
0
-100
0.00162
0
0
0.002106
-100
0
11.7
8.1E-05
3.7908E-07
3.14928E-12
0
1.458E-08
0
0
0
0
0
0.9
0.9
0
0
0
0
0
0
0
0
0
0
0
0
0
0
0
0.9
0
0
0
0
0
0
0
0
0
0
0
0
0
0
0
0
0
0
0
0
0
0
0
0
0
0
0
0
0
0
0
0
0
0
0
0
0
-100
0
-100
-100
3.6
0
3.6
3.6
0
0
0
0
0
0
0
0
0
0
0
0
0
0
0
0
0
0
0
0
0
0
0
0
0
0
0
0
0
0
0
0
0
1.08
1.08
0
0
0
0
0
0
0
0
0
0
0
0
0
5.31441E-21
0
0
0
0
0
0
0
0
0
0
-100
0
1.8
0
0
0
0
0
0
0
0
0
0
0
0
0
0
0
0
0
0
0
0
0
-100
0
0
0
0
0
0
0
0
0
0
0
0
0
0
-100
0
0
0
0
0
0
0
0
0
0
0
0
0
-100
-100
0
-100
1.458E-08
1.458E-08
7.29E-09
0
-100
1.8
0
0
-100
0.9
0
-100
0
0
0
0
0
0.9
0
0
0
0
0
0
0
0
0
0
0
0
0
0
0
0
0
0
0
0
0
0
0
0.9
0
0
0
0
0
0
0
0
0
0
0
0
0
0
0
0
0
0
0
0
0
0
0
0
0
0
0
0
9.9
0
0
0
0
0
0
0
0
0
0
0
0
0
0
0
0.9
0
0
0
0
0
0
0
0
0
0
0
0
0
0
0
0
0
0
0
0
0
0
0
0
0
0
0
1.8
0
0
0
0
0
0
0
0
0
9
0
0
0
-100
0
0
0
-8.73094140000001E-09
1.3122E-12
0
2.6244E-12
9
0
0
0
0
0
0
9
0
0
0
0
-100
0
0
0
0
0.99
0.99
0
0
0
0
2.916E-08
-100
1.800162
1.800162
0
0
0
1.8
0
0
0
0
0
0
0
0
0
0
-100
0
0
7.29E-08
0
0
0
0
0
10.8
0
0
0
0
0
0
0
0
0
0
0
0
0
-100
0
0
0
0
1.188
0.99
0
0
0
0
7.29E-09
0
0
0
3.6
0
0
0
0
0
0
0
0
0
0
0
0
-100
0
0
0
0
0
0
0
0
0
0
0.001134
0
0.9
0
3.6
0
0
0
0
10.8
0
0
0
0
0
9.9
0
0
0
0
0
0
0
0
0
-100
0
0
-100
0
2.88684E-12
0.0001782
0
0
0
0
0
0
0
0
8.91E-05
0
0
0
0
0
0
1.8
0
0
0
0
-100
-100
0
12.6
0
0
0
1.8
0
0
0
0
0
0
0
0
0
-100
0
0
0
0
0
0
0
4.251528E-20
0
0
0
0
0
0
0
0
0
0
0
0
0
0
0
-100
-100
-100
-100
-100
0
0
0
0
0
-0.00030294
0
0
0
0.99
4.72392E-16
0.000972
0
0
0
-100
0
0
1.8
0
0
0
0
0
0
0
0
0
-100
0
0
0
0.99
0
0
0
0
0
0
0
0
0
0
0
0
0
0
0
-100
0
0
1.062882E-20
0
0.00010692
0
-5.2488E-13
1.3122E-12
1.062882E-20
3.41171999957485E-11
-100
-100
-100
-100
0
0
0
0
0
0
13.5
0
0
3.6
0
3.6
0
0
0
0
0
0
0
0
0
0
0
0
-100
0
0.001701
0
0
0
0.900162
0
0
0
0
0
9
0
0
0
0
0
0
0
0
0
0
0
0
0
0
0
0
0
0
0
0
0
0
0
0
0
0
0
0
0
0
0
0
0
0
0
0
1.8000891
0
0
0
0
0
0
0
-100
0
-100
17.2801944
7.200648
7.2
-100
0
0
0
0
1.8
0
0
0
0
0
0
0
0
0
0
0
0
0
0
0
-0.00027509382
0
2.6244E-12
-5.832E-08
0
14.4
0
0
0
0
0
1.8
0
0
0
0
0
0
0
0
0
0
0
0
0
18.9
0
0
0
0
0
0
0
0
8.1E-05
9.72E-05
0
1.08
1.08
0
0
0
0
0
0
0
0
0
0
0
0
0
0
0
0
0
0
0
0
0
0
0
0
0
0
0
0
0
0
0
0
0
0
0
0
0
0
0
0
0
0
0
0
0
0
0
0
0
0
0
0
0
0
0
0
0
0
0
0
0
0
0
0
0
0
0
0
0
0
0
0
0
0
0
0
0
0
0
0
0
0
0
0
0
0
0
0
0
-100
0
0
0
1.458E-08
4.251528E-16
7.8731527608E-12
4.72392E-16
9.00000001458
0
9
0
0
0
0
0
0
0
0
3.6
0
0
0
0
0
0
0
0
-1.04976E-12
1.188
0.99
0
0
0
0
1.6534251441E-15
9
0
0
0
0
0
0
0
0
1.8
0
-100
0
0
0
0
0
0
0
0
0
0
0
0
0
0
9.9
0
0
0
0
0
0
0
0
1.19040272632697E-07
-100
0
13.500162
0
0
8.91E-05
0
8.91E-05
0
0
1.837139049E-11
0
0
0.9
0
0
0
0
0
0
0
0
0
0
0
0
18.9
0
0
0
0
0
0
0
0
0
0
0.0001296
8.1E-05
8.1E-05
0
0
0
0
0
0
0
0
0
0
0
0
0
0
0
0
0
0
0
0
0
0
0
0
0
0
7.29E-08
0
0
0
0
0
0
13.5
12.6
0
0
0
0
0
0
0
0
0
0
0
0
3.6
0
22.5
0
0
0
0
0
0
0
0
0
0
0
0
0
0
0
0
0
0
0
0
0
-100
0
0
0
5.31441E-21
0
0
0
-100
0
0
0
0
0
0.9
0
0
0
0
0
0
0
0
0
0
0
0
0
-100
0
0
0
0
-1.0392624E-15
-100
-100
3.19169189669587E-23
0
0
0
0
0
0
0
0
1.3122E-12
5.2488E-12
0
1.3122E-12
9
0
11.7
0
0
0
0
-100
0
0
0
0
0
0
0
0
-100
0
0
0
0
0.99
0
0
0
0
0
-100
0
0
0
0
-100
14.4
12.6
-100
0
0.99
0
0
0
0
0
0
0
11.7
0
0
0
0
-100
0
-0.0003078
-2.1835008E-11
-2.1835008E-11
-5.686698636E-08
-100
1.800081
11.700081
8.1E-05
0
0
0
0
0
0.00081
0
0.00081
9
0
0
-100
0
0
0
0
0
0
0
1.8
0
0
0
0
-100
0
0
0
0
0.99
0
0
0
0
0
0
1.3122E-12
0
0
0
8.1E-05
0
0
0
0.00081
0
0
0
0
0
0
0
0
0
0
0
0
0
0
0
0
0
0
0
0
0
0
0
0
0
0
0
0
0
0
0
0
0
0.9
0
0
0
0
0
0
0
0
0
0
0
0
-100
0
0
0
0
0
0
0
0
0
1.299078E-16
-100
0
-6.49539E-12
1.162261467E-30
-1.823905512E-14
0
0
0
-1.37702268E-10
-1.1364334344E-26
0
0
0
0
0.001053
0
0
0
0
0
0
0
0
0
0
0
-8.56613095994785E-14
0
0
0
0
0.9
0.9
0
0
0
0
0
0
0
0
0
0
0
0
0
0
0
0
0
0
0
0
0
0
0
0
0
0
0
0
0
-100
0
0
0
5.4
0
5.4
0
0
0
0
0
0
0
0
0
0
0
0
0
-100
0
0
0
0
0.99
0.99
0
0
0
0
0
0
11.7
11.7
0
0
0
0
0
0
0
0
0
0
0
0
0
0
0
0
0
0
0
0
0
0
0
0
0
0
21.6
0
0
0
0
0
0
0
0
0
0
0
0
0
0
0
0
0
0
0
0
0
0
0
0
0
0
9
0.901053
0
0
0
0
0
0
0
1.8
0
0
0
0
0
0
0
0
0
0
0
0
0
0
-0.0001296
0.002106
0
0.002106
-100
11.7
11.7
0
0
0
0
0
0
0.99
0.99
0
0
0
0
0
0
0
0
0
0
0
0
0
0
0
1.8
0
0
0
0
0
0
0
0
0
0
0
0
0
0
0
0
-100
0
-9.44784E-17
0
6.56867637E-13
0
0
8.1E-05
0
0
0
0.000891
-100
0
9.9
18.9
0
0
0
0
0
0
0
0
0
0
0
0
0
0
0
8.101458E-05
0
0
1.8
11.7
0
0
0
0
0
-100
0
0
0
0
0
1.458E-08
0
0
0
13.5
0
0
0
0
-100
0
0
0
0
2.916E-08
0
0
1.3122E-12
0
0.9
0.901053
0
0
0
0
0
0
0
0
0
0
0
0
0
0
0
0
1.8
0
0
18.9
0
0
0
-100
0
0
0
0
0
0
0
0
0
0
0
0
0
0
0
0
0
0
0
9.9
0
0
0
1.8
0
0
0
0
0
0
0
0
-100
0
0
0
0
7.29E-09
0
0
0
0
1.8
0
0
0
0
0
0
0
0
0
0
0
0
0
0
0
0
0
0
0
0
0
0
0
0
0
0
0
0
0
-100
1.29600000307055E-06
0
0
0
0
0.001053
0
0
9
0.9
0
1.8
0
0
0
0
0
0
0
0
0
0
0
-100
0
0
13.5
0
1.8
1.8
0
0
0
0
0
0
9
0
0
0
0
0
0
0
0
0
0
0
0
0
0
0
0
0
0
0
0
0
0
0
0
0
0
0
0
0
0
0
0
0
0
0
0
0
0
0
0
0
0
0
0
0
0
0
0
0
0
0
0
0
0
0
0
0
0
0
0
0
0
0
0
0
0
0
0
0
0
0
0
0
0
0
0
0
0
0
0
0
0
0
0
0
0
0
0
0
0
0
0
0
0
0
0
0
0
0
0
0
0
-100
0
0.99
0
0
0
9.565938E-25
9.565938E-25
0
0
0
3.3068502882E-15
2.729376E-11
0
0
0
1.8
0
0
0
0
5.4
0
0
0
0
0
0
0
0
-100
0
0
0
0
0
0
1.3122E-11
0
0
4.72936195584E-16
0
0
0
0
0
0.9
0
0
-100
1.8
11.7
0
-100
0.9
0
-100
-0.00033858
-2.6861153904E-27
0
-1.3086203184E-27
0
0.99
0.99
8.019E-09
9
0
0.9
0
0
0
0
0
0
0
0
0
0
-100
0
0
1.312436196E-12
2.6244E-12
0
0
0
0
0
0
0
-100
-100
-100
0
0
0
0
0
0
1.8
0
-100
1.8
0
0
0
0
0
0
-100
0
0
0
0
0
1.8
0
0
1.8
0
0
0
0
0
0
0
0
0
0
9
0
0
0
0
0
0
0
0
0
0
0
0.001134
0
9.72E-05
8.1E-05
0
0
0
0
0
0
0
0
0
0
0
0
0
0
0
0
0
0
0
0
0
0
0
0
0
0
0
0
0
0
0
0
0
0
0
0
0
0
0
0
0
0
11.7
0
0
0
0
0
0
0
0
0
0
0
0
-100
0
0
0
1.458E-08
0
0
0
0
9
0
0
0
0
0
0
0
0
8.1E-05
0
0
0
0.9
0
0
0
0
0
0
0
0
0
0
0
0
0
0
0
0
0
0
0
0
0
0
0
0
0
0
0
0
0
0
0
0
0
0
0
0
0
0
0
0
0
0
0
0
0
0
0
0
0
0
0
0
0
0
0
0
0
0
0
0
0
0
0
0
0
0
0
0
0
0
0
0
0
0
0
0
0
0
-100
0
0
-100
0
0
0.99
0
0
0
2.6244E-12
2.6244E-12
0
0.9
0
-100
0
0
0
0
5.31441E-21
0
0
0
0
7.2913122E-09
7.29E-09
0
0
0
0
0
0
0
0
0
0
0
0
0
0
0
0
0
0
0
0
0
0
0
0
0
0
0
0
0
0
0
0
0
0
0
0
0
0
0
0
0
0
0
0
0
0
0
0
0
0
-100
0
0
0
0
0
0
0
11.7
0
0
0
0
0
0
0
0
0
0
0
0
0
1.8
0
0
0
0
-100
0
0
0
0
0
0
-100
0
0
-2.4875915658984E-19
0
0
0
0
0
6.56867637E-13
0
1.18098E-15
0
0
0
1.458E-08
0
0
14.4
0
0
0
0
0
0
0
0
0
0
0
0
0
0
0
0
0
0
0
18.9
0
0
0
0
0
0
0
0
0
-8.08943753007181E-22
0
0
0
0
0
0
0
0
0
0
0
0
0
0.9
0
0
0
0
0
0
0
0
0
0
0
0
0
0
1.8
0
0
0
-100
0
0
0
0
13.5
0
0
1.8
0
0
0
-100
0
0
0
0
0
0
0
0
0
18.9
0
0
0
0
0
0
0
0
0
0
0
0
0
0
0
0
0
0
0
0
0
0
0
0
0
0
0
0
0
0
0
0
0
0
0
0
0
0
0
0
0
0
0
0
0
0
0
0
0
0
0
0
0
0
0
0
0
0
0
0
0
0
0
0
0
0
0
0
0
0
0
0
0
0
0
0
-100
0
0
0
0
0
0
0
0
1.18098E-16
8.91E-05
0
0
0
0
2.36196E-16
0
0
0
0
0
0
0
0
0
-100
0
0
0
0
0
0
0
0
0.9
0
0
-100
0
10.8
0
0
0
0
0
0
0
0
0
5.249272392E-12
1.3122E-12
1.3122E-12
0
1.458E-08
0
8.5293E-12
8.5293E-12
0
0
0
0
0
0
0
0
0
0
0
0
0
8.109477E-05
8.1E-05
-6.4782504E-05
0
0
0
0
-100
0
0
0
-100
0.9
0.9
0
0
0
0
0
0
0
0
0
0
0
0
0
0
0
0
0
0
0
0
0
0
0
0
0
-100
0
0
0
0
0
0
0
0
0
0
0
0
0
0
0
0
0
0
0
0
0
0
0
0
0
0
0
0
0
0
0
0
0
0
0
0
0
0
0
0
0
0
0
0
0
0
0
0
0
0
-100
0
0
0
0
0
0
0
-100
0
0
-3.06110016E-24
0
0
0
0
0
0
0
0
0
0
0
0
0
6.561E-13
0
0
1.18098E-16
0
0
12.6
0
4.5
0
4.5
0
0
0
0
0
0
1.8
0
0
0
0
0
0
0
0
0
0
0
0
0
0
0
0
0
0
0
0
0
0
0
0
0
0
0
0
0
0
0
0
0
0
9
1.8
1.8
0
0
0
1.8
0
0
0
0
0
0
0
0
0
0
0
0
7.29E-08
0
0
12.6
0
0
0
0
-100
7.29E-09
0
0
0
-100
0
0
0
0
0
0
-100
0
5.249272392E-12
0
3.1495634352E-12
8.1E-05
0
0
0
0
0
0
0
0
0
0
0
0
0
0
0
0
0
0
0
0
0
0
3.59363728557761E-10
0
0
0
0
0
0
0
0
0
0
0
0
0
-100
-100
0
0
0
0
0
0.00010692
0
0
0
0
0
0
0
0
0
0
0
0.000162
-0.0005184
0
0.001053
0
0
0
0
0
0
0.9
-100
0
0
0
0
-100
0
0
0
0
0
0
0
0
0
0
0
0
-100
0
0
0
0
0
0
0
0
0
0
-100
11.7
11.7
0
0
0
0
0
0
9
0
9
0
0
0
0
0
0
0
0
0
0
0
0
0
0
0
0
-100
0
0
0
0
0
0
0
0
0.9
0
0
0
0
0
0
0
0
0
0
0
0
0
0
0
0
0
0
-100
0
0
0
0
0
0
0
0
0
0
0
0
0
0
0
0
0
0
0
0
0
0
0
0
0
0
0
0
0
9.9
0
0
0
0
0
0
0
0
0
0
0
0
0
0
0
0
0
0
0
0
0
0
0
0
0
0
0
0
0
0
0
0
0
0
0
0
0
0
0
0
0
0
0
0
0
0
0
0
0
0
0
0
0
0
0
0
0
0
0
0
0
0
0
0
0
0
0
0
0
0
0
0
0
0
0
20.7
0
0
0
0
0
0
0
0
0
-100
0
0
0
0
0
0
0
0.000162
0
0
2.65356000000001E-08
-100
1.8000972
0
8.1E-05
0
0
0
0
0
0
0
0
0
0
0
-100
2.55562639140161E-23
-100
-100
-9.61317720000001E-16
0
-3.06110016E-24
-5.96914530740055E-23
0
4.132485216E-29
-1.7006112E-20
0
0
0
1.18098E-16
0
0
0
0
0
3.6
0
0
0
0
0
0
0
0
0
0.99
0.99
0
0
3.67416E-07
3.67416E-07
0
0
0
8.019E-09
8.019E-09
0
0
11.7
0
0
0
0
-100
-4.48853179032E-16
1.7735426199E-16
0
0
0
0.001684794168
0.00105300729
0
0
0
0
3.6
0
0
0
0
0
0
0
0
0
0
0
0
0
1.8
11.7
0
-100
0
0
0
0
-100
0
0
0
-5.832E-09
0
-100
0
0
0
0
0
0
0
0
0
0
0
0
0
0
0
0
0
0
0
-100
0
0
0
-100
0
9.47706561E-08
9.477E-08
0
0
0.99
0.99
0
0
0
0.99
0
0
13.5
0
0
0
0
0
0
0
0
0
0
0
0
0
0
-100
0
0
0
0
0
0
3.6
0
0
0
0
0
0
0
0
2.916E-08
1.458E-08
1.458E-08
2.915895024E-08
-100
-100
12.6
0
4.5
0
0
0
0
0
0
0
0
0
0
3.6
0
18.9
0
0
0
0
0
0
0
0
0
0
0
0
0
0
0
0
0
0
0
0
0
0
0
0
0
0
0
0
0
0
0
0
0
0
0
0
0
0
0
0
0
0
0
0
0
0
0
0
0
0
0
0
0
0
0
0
0
0
0
0
0
0
-100
0
0
0
0
0
0
0
0
0
11.700081
0
0
0
0
0
0
1.458E-08
0
0
-100
-100
-100
-100
0
0
0
0
0
0
0
0
0
0
0
0
0
0
0
0
9
0
0
0
0
0
0
0
0
0
0
0
0
0
0
0
0
0
0.9
0
0
0
0
0
0
0
0
0
0
0
0
0
0
0
0
0
0
0
0
0
0
0
0
0
0
0
0
0
0
0
0
0
0
0
0
0
0
0
0
0
0
0
0
0
0
0
0
0
0
0
0
0
0
0
0
0
0
0
0
0
0
0
0
0
0
0
0
-100
0
8.91E-05
0
0
0
0
1.8
0
1.8
0
0
0
-100
0
0
-100
0
0
9.72E-05
0
0
0
0
0
0
0
0
0
0
0
0
0
0
0
0
0
0
0
0
0
0
0
0
0
0
0
0
0
0
0
0
0
0
0
0
0
0
0
0
0
0
0
0
0
-100
0
0
0
0
0
0
0
0
0
0
6.561E-13
0
0
0
0
0
0
0
0
0
0
0
2.48714388E-23
0
0
0
0
-100
11.7
11.7
0
0.00010692
0
0
0
0
0.99
0
0
9
0
0
0
-100
0
0
0
0
0
0
0
0
0
0
0
0
0
1.8
0
0
0
0
-100
0
0
0
8.91E-05
-100
0
0
0
2.36196E-16
0
0
0
0
0
0
0
0
0
0
1.8
0
0
0
0
0
0
0
0
-100
0
0
0
0
0
0
0
0
0
0
0
0
2.916E-08
0
2.916E-08
0
0
0
0
0
0
0.9
0
0
0
0
-100
-100
0
0
0
0
0
12.6
-100
0
2.7
0
0
0
1.8
0
0
0
0
0
0
0
0
0
0
0
0
0
0
0
0
0
0
0
0
0
0
0
0
0
1.12972230825429E-16
0
0
0
0
0
0
0
0
0
0
0
0
0
0
0
0
0
-100
-100
0
1.8
1.8
1.8
1.8
0
0
0
0
0
0
0
0
7.29E-09
0
0
0
0
0
6.561E-13
0
0
14.4
13.500324
-100
0
0
0
0
0
0
0
0
0
0
18.9
0
0
0
0
0
0
8.1E-05
0
0
0
0
0
0
0
0
0
0
0
0
0
0
0
0
0
0
0
0
0
0
0
0
0
0
0
0
0
0
0
0
0
0
0
0
0
0
0
0
0
0
0
0
0
0
-100
0
0
0
0
0
0
0
0
0
0
0
0
0
0
0
0
0
0
-100
0
0
0.99
0
0
-100
-100
-100
0
0
0
0
0
0
0
3.6
0
0
0
0
0
0
0
0
-100
0
0
0
0
0
0
0
0
0
0
0
0
1.458E-07
0
5.9049E-17
0
0
0
0
0
0
0
0
0
8.101458E-05
0
0
-100
0
0
0
0
0
0
1.8
0
0
0
0
0
0
0
5.4
0
0
0
0
0
0
9.9
0
0
0
0
0
0
0
21.6
0
0
0
0
0
0
0
0
0
0
0
0
0
0
0
0
0
0
0
0
0
0
-100
-100
-100
0
0
0
0
-6.4152E-09
1.6037999999915E-08
0
1.6037999999915E-08
0
0
0
1.18098E-15
0
0
0
2.627470548E-12
0
0
12.6
-100
0
0
0
0
0
7.2171E-13
0
0
1.062882E-20
0
0
8.91E-05
8.1E-05
0.9
0.001296
0
0
1.3122E-12
1.3122E-12
0
0
0
0
1.57464E-12
0
2.238429492E-27
2.238429492E-27
8.66051999999998E-12
0
0
0
0
0
0
0
0
9
0
0
0
0
0
0
0
0
0
0
0
0
0
0
0
0
0
0
0
0
0
0
1.18098E-16
-100
0
0
0
0
0
0
0
0
0
0
-100
0
0
0
3.6
0
0
0
0
10.8
0
0
0
-100
0
0
0
0
0
0
0
0
0
0
0
9
0
0
0
0
0
0
0
0
0
0
0
0
0
0
0
0
0
1.8
0
0
0
0
0
0
0
0
0
0
0
8.1E-05
0
0
0
0
0
0
0
0
0
0
0
0
0
0
0
0
0
0
0
0
0
0
0
1.8
0
0
0
0
0
0
0
0
0
0
0
0
0
0
0
0
0
0
0
0
0
0
0
0
0
0
0
0
0
0
0
0
0
0
0
0
0
0
0
0
0
0
0
0
0
0
0
0
0
0
0
0
0
0
0
0
0
0
0
0
0
0
-100
0
0
0
0
0
0
0
1.8
0.9
0
0
0
0
0
0
0
0
0
0
0
0
0
0
-100
0
0
0
0
0
7.29E-09
0
0
0
0
0
0
0
0
0
0
0
0
0
0
0
0
0
0
0
-100
0
0
0
0
-100
-100
-100
0
0
0
0
0
-100
0
0
0
0
0
0
0
0
0
0
-100
0
0
2.36196E-16
0
0
0
0
0
0
0
0
0
0
0
0
0
9
0
0
0
0
0
0
0
0
0
0
0
0
0
0
0
0
18.9
0
0
0
0
0
0
0
0
0
0
0
0
0
0
0
1.8954E-07
0
0
2.125764E-20
0
0
8.66052E-13
0
0
0.99
8.019E-09
0
9
0
0
0
0
0
0
0
-100
-100
0
0
0
0
0
0
0
0.000162
0
0
0
1.8
0
0
0
0
0
0
0
0
0
0
0
0
0
0
0
0
1.8
0
0
9.9
0
0
0
0
0
0
0
0.9
0
0
0
0
0
0
0
0
0
0
0
0
0
0
0
0
0
0
0
0
0
0
0
0
0
0
0
0
0
0
0
0
0
0
0
0
0
0
0
0
0
0
0
0
0
0
0
0
0
0
0
0
0
0
0
0
0
0
0
0
0
0
0
0.9
0
0
0
0
0
0
0
0
0
0
0
0
0
0
0
0
3.6
0
0
0
0
0
0
0
0
0
0
0
0
0
0
0
0
0
0
0
0
0
0
0
-100
9
0
0
0
0
0
0
0
0
0
0
0
-100
0
0
0
0
0
0
0
0
0
0
0
0
0
0
4.39828793324952E-25
0
0
0
0
7.29E-09
0
0
6.561E-13
0
0
0
0
0
0
0
0
0
0
0
0
0
0
0
0
0
0
9.9
0
0
0
0
0
0
0
0
-1.43172800222215E-11
0
0
0
0
0
0
0
0
0
0
0
0
0
0
0.9
0
0
0
0
0
0
0
0
0
0
0
0
0
0
0
0
0
0
0
0
0
0
0
0
0
0
0
0
0
0
0
0
0
0
0
0
0
0
0
-100
0
0
0
13.5
0
0
0
1.8
0
0
0
1.8
0
0
0
0
0
0.000162
0
0
0
0
0
0
0
0
0
0
0
0
0
0.9
0
0
0
0
0
0
0
0
0
0
0
0
0
0
0
0
0
0
0
0
-100
1.417176E-16
0
0
0
0
14.4
0
0
0
0
0
0
0
0
0
0
0
0
0
0
0
0
0
0
0
0
0
0
0
0
0
0
0
0
0
0
0
0
0
0
0
0
0
-100
0
2.36196E-16
0
0
0
0
0
0
0
0
1.062882E-20
0
0
0
0
0
0
0
0
0
0
0
8.1E-05
0
0
0
0
0
0
0
0
0
-100
0
0
0
0
0
0
0
0
0
11.700081
0
0
0
0
8.019E-09
8.91E-05
1.417176E-15
2.36196E-15
0
0
0
0
0
9
0
0
0
0
0
0
0
0
0
0
0
0
0
0
0
0
0
-100
0
0
0
0
1.18098E-16
0
0.900162
0
0.001053
0
0
0
0
0
0
0
0
-100
0
0
0
0
0
0
2.4564384E-15
-100
0
0
0
0
0
0
0
0
0
0
0
0
0
0
0
0
0
0
0
0
0
0
0
0
0
-100
0
0
7.2171E-13
3.2075422632E-08
0
2.834352E-16
0
0.99
0
0
0
0
0
0
0
0
0
0
0
0
0
0
0
0
0
0
0
0
0
0
0
0
0
0
0
0
0
0
0
0
0
0
0.99
0
0
0
0
0
0
0
0
0
0
0
0
0
0
0
0
0
0
0
0
0
0
0
0
0
0
0
0
0
0
0
0
0
0
0
0
0
0
0
0
0
0
0
0
0
0
0
0
0
0
9
0
0
0
-100
0
0.000891
0
0
0
0
0
0
0
0
0
0
0
0
-100
0
0
0
0
0
0
0
1.8
0
0
0
0
0
5.4
0
0
0
0
0
0
0
0
0
0
-100
0
0
0
0
0
0
0
0
0
0
0
0
1.8
0
0
0
0
0
0
0
0
0
0
0
0
0
0
0
0
0
0
0
0
0
0
0
0
0
0
0
0
0
0
0
0
0
0
0
0
0
0
0
0
0
0
0
0
0
0
0
0
0
0
0
0
0
0
0
0
0
0
0
-100
0
0
0
0
0
0.000162
0
0
0
0
-100
0
0
0
8.91E-05
0
0
0
9
0
0
0
-100
0
0
0
0
0
0
0
0
0
0
0
0
0
1.8
0
-100
0
0
0
0
0
0
7.67637E-16
0
0
0
1.3122E-12
0
0
0
0
0
0
-100
0
-3.8263752E-24
0
0
0
0
0
0.901134
0
0
0
0
0
0
0
0
0
-100
0
0
-100
0
0
0
3.779136E-16
-100
-100
0
0
9
0
0
0
0
0
0
0
0
0
0
0
9
0
0
0
0
0
0
0
-6.5442653371648E-13
0
0
0
0
0
0
0
0
0
0
0
0
0
8.66052000000001E-13
1.44342E-12
0
2.125764E-20
0
0
0
0
0
0
0
0
12.6
0
0
0
0
-100
0
0
0
1.3122E-12
0
0
0
0
0
0
0
0
0
0
0
0
0
0
0
0
0
0
0
-100
0
0
0
0
0
0
0
0
0
0
0
0
0
0
11.7
0
0
0
0
0
0
0
0
0
0
0
0
3.8263752E-24
0.0072000000170586
0
0
0
0
0
0
3.6
0
0
0
0
0
10.8
0
0
0
0
0
0
0
0
0
0
0
0
0
0
0
0
10.8
0
0
0
0
-100
0
0
0
0
0
0
0
0
-100
0
0
0
0
0
0
0
0
0
0
0
0
0
0
-100
0
0
1.18098E-16
0
0
0
0
8.1E-05
-100
0
0
0
0
2.36196E-16
0
2.7634932E-19
0
0
0
0
0
0
0
0
0
0
0
0
0
0
0
0
0
0
0
0
0
0
0
-100
0
0
0
0
0
0
0
1.18098E-16
-100
0
0
0
0
0
0
0
0
0
0
-100
5.4
0
0
0
0
0
9.9
0
0
0
0
0
0
0
0
0
0
0
0
-1.3090986153E-16
0
0
0
0
-100
0
0
0
0
0
0
0
0
8.91000000000001E-05
0
0
8.019E-09
9.62280000000001E-09
1.6038E-08
8.01900000000001E-09
0.00010692
0
0
0
0
0
11.700081
0
0
0
0
0
-100
0
0
-100
-3.20760000000001E-09
0
-3.84912E-09
-8.17938E-08
0
14.4
0
0
0
0
0
0
0
7.29E-08
0
0
0
0
0
0
-100
0
0
-100
0
0
0
3.6
0
0
0
0
0
0
0
0
0
0
0
-100
0
0
13.5
0
0
0
0
3.6
0
0
0
0
0
0
0
0
0
0
0
0
-100
0
0
0
0
0
0
0.000162
8.91E-05
0
0
0
0
0
0
0
0
0
0
0
0
0
0
3.6
0
0
0
0
0
0
0
0
0
0
0
0
0
0
0
0
0
0
0
-100
0
0
0
0
0
0
0
0
0
0
0
0
0
0
0
-100
0
0
0
0
0
0
0
0
0
0
5.4
0
0
0.00081
0
0
0
0
0
0
0
0
0
0
4.40407813905E-15
0
0
0
0
0
7.2171E-13
1.44341999999235E-12
0
0
0
0
0
0
0
0
0
0
0
0
0
0
0
0
0
0
0.000891
0
0
9.9
0
0
5.6950811883E-20
0
0
0
0
0
0
0
0
0
0
0
0
0
0
-100
0
0
0
6.561E-12
0
0
0
9.565938E-24
8.91E-05
0
0
0
-100
0
0
0
0
0
0
0
0
0
0
0
0
0
0
0
0
1.8
0
0
0
0
0
0
0
0
0
0
0
0
8.019E-08
0
0
2.36196E-16
0
0
6.377292E-21
0
0
0
0
0.901053
0
0
0
1.8
0
-100
0
0
0
0
0
0
0
0
0
0
0
0
0
0
0
-100
8.019E-09
0
0
0
0
0
0
0
0
0
13.5
-100
0
0
0
0
0
0
0
0
0
9.9
0
0
0
0
0
0
0
0
0
0
0
0
0
-100
0
0
0.99
0
0
0
0
0
0
0
0
0
0
0
0
0
0
0
0
0
0
0
0
0
0
0
0
0
0
18.9
0
0
0
0
0
0
0
0
0
0
0
0
0
0
0
0
0
0
0
0
0
0
0
0
0
0
0
0
0
0
0
0
0
0
0
0
0
0
0
0
0
0
0
0
0
0
0
0
0
0
0
0
0
0
0
0
0
-100
0
6.715288476E-27
0
0
0
0
0
4.5
0
0
0
0
0
0
0
0
0
0
0
-100
0
0
0
0
0
1.18098E-16
0
0
0
0
0
9.47706561E-08
0
11.7
0
0
-100
0
0
0
0
0
0
0
0
0
0
0
0
0
0
0.000162
0
0
0
0
0
0
0
0
-100
0
0
0
0
0
0
2.3621725764E-16
-100
0
0
0.000162
0
0
0
2.36196E-16
0
0
0
0
0
0
0
0
0
0
0
0
0
9.9
0
0
0
0
0
0
0
0
0
0
0
0
0
0
0
0
0
0
0
0
0
0
0
0
0
-100
0
0
0
-100
0
0
0
0
0
0
8.1E-05
0
-100
0
0
0
-100
0
0
0
0
0.99
0
0
1.3122E-12
0
0
1.3122E-12
0
0.9
0
1.8
0
0
0
0
0
0
0
0
0
0
0
0
0
0
0
0
0
0
0
0
0
0
0
0
0
0
0
0
-100
0
0
0
0
0
0
0
0
0
0
0
0
0
0
0
0
0
0
0
0
0
13.5
0
0
0
0
-100
0
0
0
0
0
1.8
0
0
0
0
0
0
0
0
0
0
-100
0
0
0
0
0
0
0
0
0
0
-100
0
8.1E-05
0
0
0
0
0
0
0
9.9
0
0
0
0
0
0
0
0
0
0
0
0
0
0
-100
0
0
0
0
1.66041806814856E-08
0
0
0
0
0
0
0
0
0
0
0
1.8
1.8
0
0
0
0
0
0
0
0
0
0
1.8
0
0
0
0
0
0
0
0
0
2.4564384E-15
0
0
0.9
0
0
0
0
0
0
0
0
0
0
0
0
0
0
0
0
0
0
18.9
0
0
0
0
0
0
0
0
0
0
0
12.6
0
0
0
0
-100
1.8
9
0
0
0
0
0
0
0
0
0
0
0
-100
0
0
-100
0
0
0
0
0
0
0
0
0
0
0
7.29E-08
0
0.9
0
0
0
0
0
0
0
0
0
0
0
0
0
0
0
0
0
0
0
0
0
0
0
0
0
0
0
0
0
-100
0
1.968654294E-12
0
2.4564384E-15
0
0
0
0
0
0
0
2.4564384E-15
0
0
12.6
0
0
0
1.8
0
0
0
0
0
0
0
0
0
0
0
0
0
0
0
12.6
0
0
0.9
0
0
0
0
0
0
0
1.8
0
0
0
0
0
0
0
0
0
0
0
0
0
0
0
0
0
0
0
0
0
0
0
0
0
0
0
0
0
0
0
0
0
0
0
0
0
0
0
0
0
0
0
0
0
0
0
-100
0
0
0
0
0
0
0
0
5.4
0
0
0
0
0
5.512606137981E-28
0
0
0
0
0
0
0
0
0
0
0
0
0
0
0
0
0
0
0
0
0
0
0
0
0
0
0
0
0
0
0
0
0
4.72392E-16
0
0
0
0
0
0
14.4
0
0
0
0
0
0
0
0
0
0
0
-100
0
0
0
0
0
0
0
0
0
0
0
0
8.1E-05
0
0
0
0
0
0
0
0
0
0
0
0
0
0
0
0
0
0
9.9
0
0
0
0
0
0
-1.21928083078619E-16
0
0
0
0
0
0
0
0
0
0
0
0
0
0
0
0
0
0
0
0
0
0
0
0
0
0
0
0
0
0
0
0
0
0
0
0
0
0
0
0
0
0
0
0
0
0
0
0
0
0
0
-100
0
0
0
0
0
0
0
0
0
0.001053
0
0
0
0
0
0
0
0
0
0
0
0
0
0
0
0
0
0
0
0
0
0
0
0
0
0
0
0
-8.48822794579441E-27
0
0
0
0
0
0
0
0
0
0
0
0
0
0
0
0
0.00010692
0
0
0
0
0
0
0.000162
0
0
0
8.91E-05
-100
0
12.6
0
0
0
-100
0
0
0
0
0
0
0
0.9
0
0
0
0
0
0
0
0
-100
0
0
1.458E-08
6.561E-12
-100
0
0
0
1.3817466E-19
0
0
0
0
0.900162
0
0
0
0
0
0
0
0
0
0
0
0
2.4564384E-15
0
0
0
0
5.3153665938E-21
0
0
0
0
1.3122E-12
0
0
0
0
0.9
0
0
0
0
0
0
0
0
0
0
0
0
0
0
0
0
0
0
0
0
0
0
4.10631346704153E-23
0
0
0
0
0
0
0
0
0
0
0
0
0
0
0
0
0
0
0
0
0
0
0
0
0
0
0
0
0
0
0
0
0
0
0
0
0
0
0
-100
0
0
0
0
0
0
0
0
0
11.7
0
0
0
0
-100
0
1.3122E-12
0
0
0
0
0
1.8
0
0
0
0
0
0
0
0
0
0
4.33026E-12
0
0
0
0
0.000162
0
0
0
-100
0
0
0
0
0
0
0
0
0
0
0
0
0
0.000891
0
0
0
0
0
0
0
0
0
0
0
0
11.7
0
-100
0
0
0
6.561E-12
0
0
0
9
0
0
0
0
5.4
0
0
0
0
0
0
0
0
0
0
0
0
0
-100
9
0
0
0
0
0
0
0
0
0
0
0
0
0
0
0
0
0
0
0
-100
0
0
0
0
0
0
0
0
8.91E-05
0
8.91E-05
0
0
0
0
0
0.9
0
0
0
14.4
0
0
0
0
0
0
0
0
0
0
0
0
0
0
0
0.901053
0
0
0
0
0
0
-100
0
0
0
0
0
0
-100
0
0
0
0
0
0
0
0
2.36196E-16
0
0
0
0
0
7.8732E-13
7.2985293E-09
9
0
0
0
0
0
0
0
9
0
0
0
0
0
0
0
0
0
0
0
0
0
0
0
0
0
0
0
0
0
0
0
0
0
0
0
0
0
0
0
0
0
0
-100
0
0
0
1.8
0
0
0
0
0
0
0
0
0
1.8
0
0
0
0
0
0
0
0
0
0
0
0
0
0
0
0
0
0
0
0
0
-0.009
0
0
0
0
0
0
0
0
0
0
1.8
0
0
0
0
0
0
0
0
0
0
0
0
0
0
0
0
0
1.8
0
0
0
0
0
0
0
0
0
0
-100
0
0
0
1.8
0
0
0
0
0
0
0
0
0
0
0
-100
0
0
0
-100
0
0
1.732104E-11
0
0
4.7243451528E-16
0
0
0
0
11.7000972
0
0
1.8001944
0
0.000162
0
0
0
0
0
0
0
0
0
0
0
-100
0
0
0
-100
-100
0
0
0
0
0
0
0
0
0
0
0
0
0
0
0
0
0
20.7
0
0
0
0
0
-100
0
0
0
0
0
1.417176E-16
0
0
0
0
-100
0
5.905962882E-17
5.905962882E-17
5.905962882E-17
0
0
12.6
0
0
0
0
0
0
0
0
0
0
0
0
0
0
18.9
0
0
0
0
0
0
0
0
0
0
0
0
0
0
0
0
0
0
0
0
0
0
0
0
0
0
0
0
0
0
0
0
0
0
0
0
0
-100
0
12.6
0
0
1.8
0
0
0
0
0
0
0
0
0
0
0
0
0
0
0
0
0
0
0
0
0
0
-100
0
0
7.2171E-13
0
0
0
1.3122E-11
1.18098E-16
0
0
0
0
0
0
0
0
0
0
0
0
0
0
0
0
0
0
13.5
0
0
3.6
0
0
0
0
0
0
-100
0
0
0
4.78382993442E-25
0
0.990000008019
0
0
14.4
0
0
0
0
0
0
-100
0
0
0
-100
0
0
0
0
0
9
0
0
0
0
0
0
0
0
0
3.6
0
0
0
0
0
0
0
0
0
0
2.36196E-16
0
0
0
0
0
9.9
0
0
0
0
0
0
0
0
0
0
0
0
0
0
0
0
0
0
0
0
0
0
0
0
0
0
0
0
0
0
0
0
0
0
0
0
0
0
0
0
0
0
0
0
0
0
0
0
0
0
0
0
0
0
0
0
0
0
0
0
0
0
0
0
0
0
0
0
0
0
0
0
2.7
0
0
2.7
0
0
0
0
0
0
0
0
100
0
0
0
0
0
0
-100
0
0
0
0
0
-100
0
0
0
-100
-100
1.800081
0
0
-100
0
0
0
0
13.5
0
0
0
0
0
-100
0
0
0
0
0
0
0
-100
0
0
0
0
8.1E-05
0
0
0
0
0
0
0
0
0
0
0
0
0
0
0
0
0
1.062882E-20
0
0
0
0
1.8
9
0
0
0
0
0
0
0
0
0.9
0
0
0
0
0
0
0
0
0
0
0
1.8
0
0
0
0
0
0
0
0
0
0
0
0
0
0
0
0
0
0
0
3.6
0
0
0
0
0
0
0
0
0
5.91623141414113E-13
0
0
0
0
0
0
0
0
0
0
0
0
0
0
0
0
0
0
0
0
0
0
0
0
0
0
0
0
0
0
0
0
0
0
0
0
0
0
0
0
0
0
0
0
0
0
0
0
0
0
0
0
0
0
0
0
0
0
0
0
0
0
0
0
0
0
0
0
0
0
0
0
-100
0
0
0
-100
0
0
0
0
0
0
8.91E-05
0
0
0
0
0
-100
0
0
0.0001782
0
0
0
9
0
0
0
0
-100
0
0
0
0
0
0
0
0
13.5
0
1.8
0
0
0
0
0
0
0
0.001053
0
0
0
-100
0
0
0
0
0
0
0
0
2.36196E-16
0
0
0
0
0
0
0
0
0
0
1.08193505461514E-13
0
0
-3.4456530401756E-15
1.190466103752E-18
0
0
0
0
0
0
0
0
0
0
0
0
0
0
0
0
0
0
0
0
0
0
0
0
0
0
0
0
0
0
0
0
0
0
0
0
0
0
0
0
1.8
0
0
0
0
0
0
0
0
0
0
0
0
0
0
0
0
0
0
0
1.8
0
0
0
0
0
0
0
0
0
0
0
0
0
3.6
0
0
0
0
-3.32713839421284E-12
0
0
0
0
0
0
0
0
0
5.4
0
0
0
0
0
0
0
9.9
0
0
0
0
0
0
0
0
1.10460994687866E-10
-100
0
0
0
0
0
0
0
0
0
0
0
0
0
0
0
9
0
0
0
0
0
0
0
0
0
11.7
0
1.8
0
0
0
0
0
0
0
0
0
0
0
0
0
0
0
0
0
0
0
-100
0
0
0
0
0
1.8
0
0
0
0
12.6
0
0
0
1.8
0
0
0
0
0.0001782
0
0
0
0
0
0
0
0
0
0
0
9
0
0
0
0
1.8
0
1.8
0
1.9131876E-24
0
0
0
0
0
9.47706561E-08
0
0
0
1.417176E-16
9
0
0
0
0
1.3122E-12
0
0
0
0
0
8.1E-05
0
0
0
0
0
5.9049E-17
0
0
0
11.7
0
0
0
0
0.9
0
0
0
0
0
0
0
0
0
0
0
0
0
0
0
0
0
1.8
0
0
0
0
0
0
0
-0.009
0
0
0
0
0
0
0
0
0
0
8.1E-05
0
0
0
0
0
0
18.9
0
0
0
0
0
0
0
0
-3.40115064664849E-09
0
0
0
-100
0
0
0
9
0
0
0
0
0
0
0
0
0
0
0
0
0
0
0
0
0
0
0
0
9
0
0
0
0
0
0
0
9
0
0
0
0
0
0
-0.009
0
0.9
0
0
0
0
0
0
0
0
0
1.458E-08
0
0
0
0
0
9.9
0
0
0
0
0
0
0
0
0
0
9
0
0
0
0
0
0
0
0
0
0
0
0
0
0.9
0
0
0
0
0
0
0
0
0
0
0
0
0
0
0
0
-100
0
0
0
0
0
0
0
0
0
0
0
0
-100
0
0
0
-100
0
0
0
0
5.9049E-17
0
0
0
0
0
8.1E-05
0
0
0
0
0
0
0
0
0
0
0
-100
0
0
0
0
