3
2
2
993
2
2
2
991
2
989
2
2
0
1
0
1
1
0
0
0
1
0
0
0
0
1
0
0
0
0
0
1
0
0
0
1
1
0
0
0
0
1
0
0
1
0
0
0
0
1
0
0
0
1
0
0
0
0
0
1
0
1
0
0
0
0
0
1
2
2
2
987
0
1
1
0
0
1
0
0
1
0
0
0
0
0
1
0
0
0
0
1
0
1
0
0
0
0
0
1
1
0
0
0
0
0
1
0
0
0
1
0
0
0
1
0
0
0
1
0
1
0
0
0
1
0
0
0
1
0
0
0
2
2
1
1
1
1
0
0
1
0
1
1
1
1
0
1
0
1
1
0
1
0
0
0
0
0
1
0
0
1
1
0
0
1
0
0
1
1
0
0
971
2
2
12
1
1
1
1
1
0
0
0
1
0
0
0
1
0
0
0
1
0
0
0
0
1
0
0
0
0
0
1
1
0
0
0
0
0
0
1
0
0
1
0
0
0
0
1
0
1
1
0
0
0
0
1
0
1
1
0
0
0
1
0
0
0
0
1
0
0
1
0
0
0
0
1
0
0
0
1
0
1
0
0
0
0
1
0
0
0
1
0
0
1
0
0
1
0
0
0
0
0
0
1
1
0
0
0
1
0
0
0
1
0
1
0
1
0
0
0
1
0
0
0
1
0
0
0
0
1
0
0
0
1
0
0
0
1
0
0
0
0
1
0
0
0
0
1
0
0
1
0
0
0
1
0
5
2
2
3
2
1
1
1
1
0
0
1
0
0
1
0
0
0
0
1
0
0
1
0
0
0
0
1
0
1
0
1
0
0
1
1
0
0
1
1
0
0
1
0
1
0
0
0
1
0
0
0
1
0
0
0
965
2
2
2
1
0
1
1
2
959
2
2
4
3
4
952
2
1
2
2
1
1
1
1
1
0
0
1
0
1
0
0
1
1
1
1
1
1
0
1
0
0
0
1
0
0
0
1
0
0
1
0
0
0
1
0
0
0
1
0
0
1
0
0
1
1
1
1
1
0
1
0
1
0
0
0
0
0
1
0
1
0
0
0
1
0
0
0
0
0
1
0
0
0
0
1
0
0
1
0
0
0
0
1
0
0
1
0
1
1
1
1
1
0
0
0
1
0
0
0
0
0
1
0
0
1
0
0
1
1
0
0
1
0
0
0
0
0
1
0
0
1
0
0
0
0
1
0
0
1
0
0
1
0
0
0
0
1
0
1
1
1
0
0
0
1
0
0
0
1
0
0
1
0
0
0
0
1
0
0
1
1
0
1
1
1
0
0
0
1
0
0
0
0
0
1
0
1
0
0
0
1
1
0
0
1
0
0
1
1
0
0
0
0
0
1
0
1
0
0
0
1
0
0
0
1
0
0
0
0
1
0
0
1
0
0
1
0
1
0
1
1
0
0
0
0
0
1
0
0
1
0
0
0
0
1
0
0
1
0
0
0
1
0
0
1
1
0
0
1
0
0
0
1
0
0
0
0
1
0
0
0
1
0
0
0
0
1
0
0
1
0
0
1
0
0
1
0
0
0
1
1
0
0
0
0
0
1
0
1
0
0
0
1
0
0
1
0
0
0
1
0
0
0
0
0
0
1
0
1
0
0
0
0
1
0
0
1
0
0
0
1
0
0
1
0
0
0
0
1
0
0
0
0
1
0
0
0
1
0
0
1
0
0
1
0
0
0
0
0
1
0
0
1
0
0
1
0
0
0
1
0
0
0
1
0
0
0
0
1
0
0
0
0
0
1
1
0
0
0
1
0
0
0
1
0
0
0
0
1
0
0
0
0
1
0
1
0
0
0
1
0
0
0
0
0
1
0
0
0
1
0
0
0
1
0
0
1
0
0
0
0
1
0
0
1
0
0
1
1
0
0
0
0
1
1
0
1
0
1
1
1
0
0
0
1
0
0
1
0
1
0
0
1
0
0
0
0
1
0
0
0
1
0
0
1
0
1
0
1
1
0
1
0
0
0
1
1
1
1
1
0
0
1
0
1
0
1
2
946
2
2
1
1
0
1
0
0
1
1
1
0
0
0
0
1
0
0
0
0
1
0
1
0
0
0
0
1
0
0
0
0
1
1
0
0
0
1
1
0
0
1
0
1
0
0
0
0
1
0
0
1
0
0
1
0
0
0
0
0
1
0
0
0
1
0
0
0
1
0
1
0
0
0
1
1
0
0
0
0
0
1
1
0
0
0
1
0
0
0
0
0
0
1
0
0
1
0
0
0
1
0
1
0
0
0
0
0
0
1
0
0
1
0
0
1
0
0
0
1
0
0
0
0
0
1
1
0
0
0
1
0
0
0
0
0
1
1
1
0
0
0
0
0
0
1
0
1
0
0
0
0
1
0
0
0
1
1
1
0
0
0
0
0
0
1
0
0
0
1
0
1
0
0
0
0
0
1
0
1
0
0
0
0
0
1
1
0
1
0
0
0
0
1
0
1
0
0
1
0
0
0
0
0
0
1
0
0
1
0
0
0
1
0
0
0
1
0
1
0
0
0
0
1
0
0
0
0
1
0
0
0
1
0
1
0
0
0
1
0
0
0
0
0
1
0
0
0
0
1
2
940
2
2
1
1
1
1
1
1
1
0
1
0
0
0
0
1
0
0
0
0
1
0
0
1
0
0
0
1
0
0
0
0
1
0
0
0
0
1
1
0
0
0
0
1
0
0
0
0
0
1
0
0
1
0
0
0
1
0
0
0
0
1
0
0
1
0
0
0
0
1
0
1
0
0
0
0
0
1
0
0
0
1
0
1
0
0
0
0
1
0
0
0
0
1
0
0
0
1
0
0
1
0
0
0
1
0
1
0
0
0
0
0
0
1
0
0
0
1
235
235
235
235
60
61
51
63
1
1
0
0
0
1
0
0
1
0
0
0
0
1
0
0
0
1
0
0
0
1
0
0
0
1
0
0
0
0
0
1
1
0
0
0
0
0
0
1
1
0
0
0
1
0
0
0
54
71
52
58
70
64
49
52
49
64
57
65
