2
2
994
2
2
2
2
992
2
2
2
990
2
2
2
988
1
1
1
1
0
1
0
0
981
2
2
3
0
1
0
1
0
1
0
1
0
0
0
1
1
0
0
0
0
0
0
1
0
0
0
1
0
0
0
1
1
0
0
0
0
0
1
0
0
0
1
0
0
0
0
1
1
0
1
0
1
0
0
0
1
0
0
0
0
1
0
0
1
0
0
0
0
1
0
0
0
0
1
0
0
0
1
0
0
0
1
0
0
0
0
1
0
0
0
1
0
0
1
0
1
0
0
1
0
1
0
0
0
0
0
1
1
0
0
0
0
0
0
1
0
0
0
1
0
0
0
1
0
1
0
0
0
0
0
1
0
0
0
1
0
1
0
0
0
0
1
0
0
0
1
0
0
0
1
1
0
1
0
0
0
1
0
0
0
1
0
0
1
0
0
0
0
0
1
1
0
0
0
1
0
1
0
0
1
0
0
0
0
0
1
0
0
0
1
0
0
1
0
0
1
0
1
0
1
0
0
0
0
0
0
1
1
0
0
0
0
0
0
1
2
2
2
970
2
968
2
2
2
966
2
2
1
0
0
1
0
0
0
1
1
1
2
2
2
1
1
1
1
0
0
0
0
0
0
1
0
0
0
1
1
0
0
0
1
0
0
0
0
0
0
1
0
0
0
1
0
0
0
1
1
0
0
0
0
1
0
0
0
0
1
0
1
0
0
0
2
2
2
975
1
0
1
0
0
0
1
0
0
0
0
1
0
0
1
0
0
0
0
1
1
0
0
0
0
1
1
1
1
0
0
0
0
0
1
0
0
0
1
0
963
2
2
2
0
1
0
0
0
0
1
0
0
0
0
1
1
1
1
0
1
0
1
0
1
0
0
1
0
1
0
0
0
0
1
0
0
0
1
0
0
1
0
0
0
1
0
0
1
0
0
1
1
0
1
0
0
1
0
0
0
0
0
1
0
0
0
1
0
1
0
0
0
1
0
0
0
1
0
0
0
0
0
1
1
0
0
0
0
0
1
0
1
0
0
0
0
0
1
0
0
0
0
1
0
1
0
0
0
0
1
0
1
1
0
0
0
1
0
0
0
1
0
0
0
0
1
0
1
0
0
0
2
957
2
2
240
240
239
239
0
0
0
1
0
0
1
1
0
0
1
0
1
0
0
1
0
0
0
1
0
1
1
0
0
0
1
0
0
1
0
0
0
0
0
1
0
0
0
1
0
0
0
1
0
0
1
0
0
0
0
1
1
0
0
0
0
0
1
0
0
0
1
0
0
0
0
1
0
0
0
1
0
0
0
1
1
0
0
0
0
1
0
0
0
0
1
0
0
1
0
0
0
0
1
0
1
0
0
0
0
1
0
1
0
1
0
0
0
0
0
1
0
0
1
0
0
0
0
1
0
0
1
0
1
0
0
0
0
1
0
0
1
0
0
0
0
1
0
0
0
0
0
1
0
0
1
0
1
0
0
0
0
0
0
1
0
0
1
0
0
1
0
0
0
0
0
1
1
0
0
0
0
0
1
0
0
1
0
0
1
0
0
0
0
1
0
0
0
0
1
0
0
0
0
1
0
1
0
0
1
0
0
0
0
1
1
0
0
1
0
0
0
1
0
0
0
0
1
0
0
1
0
0
0
0
1
0
0
1
0
0
0
0
0
1
0
0
0
1
50
55
68
66
0
0
0
1
0
1
0
1
0
1
0
0
0
1
0
0
0
1
0
0
0
1
0
0
0
0
0
1
1
0
0
0
0
0
0
1
0
0
1
0
0
0
1
0
1
0
0
0
1
0
0
0
0
0
1
0
1
0
0
0
0
1
0
1
0
0
1
0
1
0
1
0
0
1
0
0
1
0
0
0
1
0
1
1
0
0
1
1
1
0
0
0
1
0
0
0
0
0
0
1
0
1
0
0
1
0
0
0
0
1
0
0
0
0
0
1
0
0
0
1
59
56
56
69
1
0
0
0
0
0
1
0
0
0
0
1
0
0
1
0
0
1
0
0
0
0
0
1
0
0
0
1
0
0
0
1
1
0
0
0
0
0
1
0
0
0
1
0
0
0
1
0
0
0
1
0
0
0
1
0
0
0
0
1
0
0
0
1
0
0
0
1
1
0
0
0
0
0
0
1
62
60
53
64
60
51
63
65
