0
0
1.99999999999999E-12
0
0
4E-20
4E-20
2E-08
0
4E-12
5.9996E-12
0.0002
0
0
0
2
0
-100
-100
0
0
-100
0
0
1.1000000000011E-12
-100
-100
0
0
0
0
2E-12
0
0.0002
0
0.0002
0
0
0
0
0
0
0
0
0
0
0
0
0
0
0
0
0
0
0
0
0
0
0
0
0
0
0
0
0
0
0
0
0
0
0
-100
0
0
0
0
0
0
0
0
0
0
0
0
0
0.00011
0
0
0
0
0
0
0
0
0
0
0
0
0
0
0
0
-100
0
0
0
0
0
0
0
0
-100
0
0
0
0
0
0
-100
0
0
0
0
0
0
-100
0
0
0
0
0
0
0
0
0
0
0
0
0
0
0
0
0
0
0
0
0
0
0
0
0
0
0
0
0
0
0
0
0
0
0
0
0
0
0
0
0
0
0
0
0.0002
0
0
0
0.0001
-100
0
0
0
0
0
0
0
0
0
0
0
0
-100
0
0
0
0
0
0.0002
0
0
0
0
0
0
0
0
0
0
0
0
0
0
0
0
0
0
0
0
0
0
0
0
0
0
0
0
0
0
0
0
0
0
0
0
0
-100
0
0
0
0
0
0
0
0
3.29978E-12
3.29978E-12
0.00011000000000011
0
1.1000000000011
0.000329978
0
0
1.09999906730542E-08
0
0
0
0
0
0
0
0
0
0
0
0
0
0
2E-20
0
0
0
0
0
0
0
0
0
0
0
0
0
0
-100
0.0004
0
0
0
0.0002
0
0
0
0
0
0
0
0
0
0
0
0
0
0
0
0
0
0
0
0
0
0
0
0
0
0
0
-100
0
0
0
0
-100
-100
1.1000000000011E-08
0
0
0
0
0
0
0
0
0
0
0
0
0
0
0
0
0
0
0
0
-100
0
0
0
0
-100
-100
0
0
0
0
0
0
0
0.00011
0
0
0
0
0
0.000109999906309871
0
0
0
0
0
0
0
0
0
0
0
0
0
0
0
0
0.0001
0.0002
0
-100
0
0.0002
0
0
0
0
0
0
0
0
0
0
0
0
0
0
0
0
0
0
0
0
0
0
0
0
0
0
0
0
-100
0
0
0
0
0
0
0
0
0
0
0
0
0
0
0
0
0
0
0
0
0
0
0
0
0
0
0
0
0
0
0
0
-100
0
0
0
0
0
0
0
0
0
0
0
0
0
0
0
0
0
0
0
0
0.0013
0
0
0
0
-100
0
0
0
0
0
0
0
0
0
0
0
0
0
0
0
0
0
-100
0
0
0
0
1.09999905911471
0.000329978
0
-0.00945767066574688
-0.00945739936542959
-0.00944433469851115
-0.00944433469851115
0
0
0
-100
0
0
0
0
0
0
0
0
0
0
0
0
0
0
0
0
0
0.0013
0.0013
0
0
0
0
0
0
0
0
0
0
0
0
0
0
0
0
0
0
0
0
-100
0
0
0.00011
0
0
0
0
0
0
0
0
0
0
0
0
0
0
0
0.0014
0
0
0
0
0.0005
0
0
0
0
0
0
0
0
0
0
0
0
0
0.0002
0
0
0
0
0
0
0
0
0
0
0
0
0
0
0
0
0
0
0
0
0
-100
0
0
0
0
0
0
0
0
0
0
0.000200000001
0
0
0
0
0
0
0
0
0
0
0
0
0
0
0
0
0
0
0
0
0
0
0
0
0
0
0
0
-100
0
0
0
0
0
0
0
0
0
0
0
0
0
0
0
0
0
0.000100000013
0
0
0
0
0
0
0
0
0
0
0
0
0
0
0
0
0
0
0
0
0
0
0
0
0
0
0
0
0
0
0
0
0
0
0
0
0
0
-100
0
0
0
0
0
0
0
0
0
0
0
0
0
0
0
0
0
0.0013
0
0
0.0001
0
0
0
0
0
0
0
0
0
0
0
0
0
0
0
0
0
-100
-100
-100
-100
-100
0
0
0
0
0
1E-12
0
2E-12
0
0
0
0
0
0
0
0
0
0
0
0
0
0
0
0
0
0
0
-100
0
0
0
0
0
0
0
0
0
0
0.0001
0
0
0
0
0
0
0
0
0
0.001
0
0
0
0
0
0
0
0
0
0
0
0
0
0
-100
0
0
-100
0
0
0
0
0
0
0.0001
0
0
-100
0
0
0
0
0
0
0
0
0
0
0
0
0
0
0
0.001
0
0
0
0
0
0
0
0
0
0
0
-100
0
0
0
0
0
0
0
0
0
0
0
0
0
0
-100
-100
-100
-100
-100
0
0
0
0
0
0
0.0013
0
0
0
0
0
0
0
0
0
0
0
0
0
0
0
0
0
0
0
0
-100
0
0
0
0
0
0
0
0
0
0
0.0002
0
0
0
0
0
0
0
0
0
0
0
0
0
0
0
0
0
0
0
0
0.0004
0
0
0
0
0
0
0
0
0
0
0
0
0
0
0
-100
-100
-100
-100
-100
-100
-100
-100
-100
