3.99223677785317E-12
0.0200110038494102
1.67721560887527E-11
2.66364183426117E-11
0.200110037136592
2.10107397642042E-10
2.03105258316194E-10
2.23571356797194E-10
1.19866065987904E-12
6.89105314643258E-07
8.34764833828234E-07
7.36973456168758E-07
2.1994E-08
0
0
0.00419650146967524
0
-100
-100
0
0
0
-100
0
0
0
0
0
0
0.00011
0
0
0
3.3E-14
2.2E-14
0
0
0
0
0
0
0
0
0
0
0
0
0
0
0
0
0
0
0
0
-100
0
1.3E-08
0
0
0
0.0002
0.0013
1E-09
0
0.0001
0.0001
0
0
0
0
0
0
0
0
0
0.001
0
0
0
0
0
0
0
0
0
0
0
-100
0
0
-100
0
5.9996E-09
9.9988E-09
9.9988E-09
1.2E-08
0.0002
0
0.0002
0
0
0
0
0
0
-100
0
0
0
0
2.0011003582328
0
-0.0049994
-0.002
0
0
-100
-100
0
0
-100
0.0002
0
0
0
0
0
0
0
0
0
0
0
0
0
0
0
0
0
0
0
0
0
0
0
0
0
0
0
0
0
0
0
0
0
0
0.0002
0
0
0
0
0
0
0
0
0
0
0
0
0
0
0
0
0
0
-100
0
0
0
0
4E-09
9.9988E-09
0
-100
0.00059996
0
-100
0
0.0002
0
0.0002
0
-100
0
0
0
-100
-100
0
0
0
-100
0
0
0
0
0
0
0
0
0
0
0
0
0
0
0
0
0
0
0
0
0
0
0
0
0
0
0
0
0
0
0
0
0
0
0
0
-100
0
0
0
0
0
0
0
0
0
0
-100
0
0
-100
-100
0
0
-100
-100
0
0
0.0006
0
0
0
0
-100
0
0.0110034523683901
-0.0628268731482476
-0.0628268731482476
0
0.11003323920584
-100
-100
5.16020772118231E-12
-100
-100
0
0
0
-0.0049994
-0.002
0
-100
-100
-100
-100
0
0.0002
0
0
0
0
0
0
0
0
0.0008
0
0
0
0
0.0008
0
0
0
0.0002
0
0
0
0
0
0
0
0
0
0
0
0
0
0
0
0
0
0
0
0
0
0
-100
0
0
-100
0
0
0
0.00011
0
0
0
0
0
0
0
0
0
0
0
0
0
0
0
0
0
0
0
0
0
2E-09
0
0
0
-100
0
-100
0
-100
0
-100
-100
0
0
-100
-100
0
0
0
0
0
0
0
0
0
0
0
0
0
0
0
0
0
0
0
0
0
0
0
0
0
-100
0
0
0
0
0
0
0
0
0
0
0
0
0
0
0
0
0
0
0
0
0
0
0
0
0
0
0
0
0
0
0
0
0.0002
0
0
-100
0
0
0
0
0
-100
0
0
0
0
0
0
0
0
0
0
0
0
0
0
0
0
0
0
0
0
0
0
0
0
0
0
0
0
0
-100
0
0
0
0
0
-100
0
-100
-100
-100
-100
0
-100
0
0
0
0
0
-100
0
0
0
-100
0
0
0
0
0
0
0
0
0
0
0
0
0
0
0
0
0
0
0
0
0
-100
0
0
0
0
0
0
0
0
0
0
0
0
0
0
0
0
0
0
0
0
0
0
0
0
0
0
0
0
0
0
0
0
0
0
0
0
0
0
-100
0
0
0
0
0
0
0
0
0
0
0
0
0
0
0
0
0
0
0
0
0
0
0
0
0
0
0
0
0
0
0
0
0.0001
0.000200002
0
0
0.0002
0
-100
0
0
0
0
0
0
0
0
0
0
0
0
0
0
0
-100
0
0
0
0.0016
0
0
0
0
0
0
0.00011
0
0
0
0
0
1.1E-09
0
0
0
0
0
0
0
0
0
0
0
0
0
0
0
0
0
0
0
0
0.0002
0
0
0
0
0
-100
0
0
1.1E-09
0
0
0
0.00011
0
0
0
0
0
0
0
0
0
0
0
0
0
-100
0
0
0
0
0
0
0
0
0
0
0
0
0
0
0
0
0
1E-09
0
0
0.0001
0
0
0
0
0
-100
0
-100
-100
0
0
0
0
0
0
0
0
0
0
0
0
0
0
0.00011
0.00011
0
0
0
0
0
0
0
0
0
0
0
0
0
3.9988E-09
2.6E-08
9.597790078E-08
9.597790078E-08
0
0.0003
0.0013
-0.001
-100
-100
-100
-100
0
-100
-100
0
0
0
0
0
0
0
0
0
0
0
0
0
0
0
0
0
0
0
0
0
0
0
0
0
0
0
0
0
0
0
1.5E-13
7.8997E-13
0
0.0013
0.0014
0
0
0
0
-100
0
-100
-100
0
0
0
0
0
0
0
0
0
0
0
0
0
0
0
0
0
0
0
0
0
0
0
0
0
0
0
0
0
0
0
0.0014
0
0
0.0002
0
0
0
0
0
0
0
0
0
0
0
0
0
0
0
0
0
0
0
0
0
0
0
0
0
0
0
0
0
0
-100
0
0
-100
0
0.00723886089771247
1.10031971301103
0
0
0
0
0
0
0
0
0
0
0.0007
0
0
0
0.0002
0
0
0
0
0
0
0
0
0
0
0
0
0
0
0
0
0
0
0
0
0
0
0
0
0.0011
0
0
0
0
0
0
0
0
0
0
0
0
0
-100
0
0
-100
0
0
0
0
0
0
0.00011
0
0
0
0
0
0
0
0
0
0
0
0
0
0
0
0
0
0
0
0
-100
0
0
0
0
0
0
0.00011
0
0
0
0
0
0
0
0
0
0
0
0
0
-100
0
0
0
0
0
0
0
0
0.000659879006600001
0.000329978
4.4E-19
0
0
0
0
0
0
0
0
0
0
0
0
0
0
0
0
0
0
0
0
0
0
0
0
0
0.0002
0
0
0
0
0
0
0
0
0
0
0
0
0
0
0
0
0
-100
0
0
0
0
0
0
0
0
0
0
0
0
0
0
0
0
0
0
1E-14
0
0
0
0
1E-09
0
0.0001
0.0002
0
-100
0
0
0
0
0
0
0
0
0
0
0
0
1E-09
0
2E-09
0
0
0
0
0
0
0
-100
0
0
0
0
0
0
0
0
0
0
0
0
0
0
0
0
0
0
0
-100
0
0
0
0
0
0
0
0
0
0
0
0
0
0
0
0
0
0
0
0
0.001
0
0
0
0
0
0
0
0
0
0
0
0
0.0011
0
0
0
0
-100
0
0
7.69934E-09
1.7596370198E-08
2.7493400396E-08
0.001
0
0
0
0
0
0
0
0
0
0
0
0
0
0
0
0
0
0
0
0
0.0002
0.0002
0
0
0
0
0
0
0
0
0
0
0
0
0
0
0
0
0
0
0
0
0
0
0
0
0
0
0
0
0
0
0
0
0
0
0
0
0
0
0
0.0002
0
0
0
0
0
0
0
0
0
-100
0
0
0
0
0
0
0
0
0
0.00011
0
0
0
0
0
0
0
0
0
0
3.89974E-08
0
2.6E-08
-100
0
0.0013
0
0
0
0.0001
-100
0
0
0
0
0
0
0
0
0
0
0
0
0
0
0
0
0
0
0
0
0
0
0
0
0
0
0
0
0
0.0013
0
0
-100
0
0
0
0
0
0
0.00307214720759424
0
0.0295242275776229
6.54312055332208E-21
1.05683521103115E-20
0
0
0
0
0
0
0
2E-09
0
0.0001
0
0
0
0
0
0
0
0
0
0
0
0
0
0
-100
0.0002
0
0
0
0
0.0011
0
0
0
0
0
0
0
0
0
0
0
0
0
0
0
0
0
-100
0
0
-100
0
0
0
0
3.11905109619688E-12
0
1.9993000999952E-13
1.04982E-17
0
3.2E-08
1.5E-08
3.2E-08
-100
0.0016
0.0015
-100
0
0
0
0
0
0
0
0
0
0
0
0
0
0
0
-100
0
0
0
0
0
0
0
0
0
0
0
0
0
0
0
0
0
0
0
0
0
1.500003E-08
1.3E-08
0
0
0.0013
0.0013
0
-100
0
0
0
0
0
0
0
0
0
0
0
0
0
0
0
2.6E-13
0
0
2E-14
0
0
0
0
-100
-99.9768
0.004499708
-100
0
0
0
0
0
0
0
0
0
0
0
0
0
0
0
0
-100
0
0
0
0
0
0
0
0
0
0
0
0
0
0
0
0.001
0
0
0
0
0
0
0
0
0
0
0
0
0
0
0.0002
0
0.0011
0
0
0
0
0
-100
0
0
0
0
0
0
0
0
0
0.0002
0
0
0
0
0
0
0
0
0
0
0
0
0
0
0
0
0
-100
0
0
0
0
0
0
0
0.0002
0
0
0
0
0
0
0
0.0006
0
0
0
0
0
0
0
0
0
0
0
0
0
0
0
0
0
0
0
0
0
0
0
0
0
0
-100
0
0
0
0
0
0
0
0
0
0
0
0
0
3.639328E-17
0
0
0
0
0
6.99916E-13
0
0
0
0
0
0
0.0001
0
0
0
0
0
0
0
0
0
0
0
0
0
0
0
0
0.0004
0
0
0
0
0
0
0
0
0
0
0
0
0
0
0
0
0
0
0
0
0
0
0
0
0
0
0
0
0
0
0
0
0
2E-09
0
0
0
0
0
0.0006
0
0
0
0
0
0
0
0
0
0
0
0
0
0
0
0
0
0
0
0
0
0
0
0
0
0
0
0.0002
0
0
0.0001
0
0
0
0
0
0
0
0
0
0
0
0
0
0
0
0
0
0
0.0004
0
0
0
0
0
0
0
0
0
0
0
0
0
0
0
1.79678286095643E-12
0.00723886089771247
0.2835503874903
4.68411077246751E-20
-8.29307274995879
-8.29307274995879
-8.29307274995879
-8.29307274995879
-100
-100
-100
-100
1.959664E-17
0
0
0
0
2.6E-18
0
0
0
0.0014
0
0
0
0
0
-100
0
0
0
0
0
0
0
0
0
0.0001
0
0
0
0
0.0001
0
0
0
0
0
0
0
0
0
0
0
0
0
0
0
0
0
0
0
-100
0
0
0
0
0
0
0
0
0
0
0
0.0001
0
0
0
0
0
0
0
0
0
0
0
2E-09
0
0
0
0
0
0
0
0
0
0
0
0
-100
0
0
0
0
0
0
0
-100
0
0
0
0
0
0
0
0
0
0
0
0
0
0
0
0
0
0
0
0
0
0
0
0
0
0
0
-100
0
0
0
0
0
0
0
0
0
0
0.0001
0
-100
0.0016
0
-100
0
0
0
0
-100
0
0
0
0
1.3E-13
0
0
0
0
1.3E-08
0
0
0
0
0
0
0
0
0
0
0
0
0
0.0002
0
0
0
0
0
0
0
0
0
0
0
-100
0
0
0
-100
0
0
0
0
5.2E-18
0
0
0
0
0
2E-09
0.001
0
1.5E-08
0
0.001
0
0
0
0
0
0
0
2E-09
0
0
0
0
0
0.0002
0
0
0
0
0
0
0
0
0
0
0
0
0
0
0
0
0
0
0
0
-100
0
0
0
-100
0
0
0
0
0
0
0
0.0004
0
0
0
0
0
0
0
0
0
0
0
0
-100
0
0
0
0
0
0.0012
0
0
0
0
0
0
0
0
0
0
0
0
0
0
0
0
-100
0
0
0
0
0
0
0
0
0.001
0
0
0
0
0
0
0
0
0
0
0
0
0.0011
0
0
0
0
0
0
-100
0
0
0
0
0
0
0
0
0
0
1.6E-08
0
0
0.0004
0
0
0
0
0
0
0
0
0
0
0
0
0
-100
0
0
0
1.4E-08
0
0
0
0
0.0001
0
0
0
0
0
0
0
0
0
0
0
0
0
0
-100
0
0
-100
-100
0.00189974
0.00189974
0
-100
0
0
0
-100
-100
-100
-100
0
0
0
0
0
0.0001
0
0
-100
0
0
0
0
-100
0
-100
0
0
1E-08
0
0
0.0015
0
0
0
0.0002
0
0
0
0
0
0
0
0
0
0
0
0
0
0
0
0
0
0
0
0
0.0021
0
0
0
0
0
0
0
0
0
0
0
0
0
0
0
0
0
0
0
0
-100
0
0.0001
0
0
-100
0
0
0
0
2.6E-13
0
0
2.6E-08
0
2.8E-13
0
0
2.8E-08
0
1.4E-08
0
0
0.0001
0
0
0
0
0
0
0
0
0
0
0
0
0
0
0
2E-09
0
0
0
0
0
0
0
0
0
0
0
0
0
0
0
0
0
0
0.0001
0
0
0
0
0
0
0
0
0
0
0
0
0
0
0
0
0
0
0
0
0
0
0
0
0
0
0
0
0
-100
0
0
0
0
0
0
0
0
0
0
0
0
0
0
0
0
0
0
0
0
0
0
0
0
0
0
0
0
0
0
0
-100
0
0.0013
0
0
0
0
0
0
0
0
0
0
0
0
0
0
0
0
0
0
0
0
0
0
0
0
0
0
0
0
0
0
0
0
0
0
-100
0
0
0
4E-09
8.40009096490234E-13
1.169922E-17
1.429844E-17
0
0.0001
0.0002
1.500003E-08
0
-100
0
0
0
0
0
-100
0
0
0
0
0
0
0
0
0
0.0001
0
0
0
0
0
0
0
0
0
0
0
0
0
0
0
0
0
-100
0.0002
0
0
0
0
0
0.0015
0
0
0
0
0.0002
0
0
0
0
0
0
0
0
-100
0
0
0
0.001
0
0
0
0
0
0.0011
0
0
0
0
0
0
0
0
0
0
0
0.0002
0
0
0
0
0
0
0
0
0
0
0
0
0.0004
0
0
0
-100
0
0
0
-100
0
0
0.0014
0
0
0.0003
0.000200002
0
0.0002
0
0.0002
0
0
0
0
0
0
0
0
-100
0
0
0
0
0
0.0013
0
1E-09
-100
0.0001
0
0
0
0
0
0
0.001
0
0
0
0
0
0
0
0
0
0
0
0
0
0
0
0
0.0002
0
0
-100
0
0
0
0
0
0.0001
0
0
0
0
0
0
0
0
0
0
0
0
0
0
0
0
-100
-100
-100
-100
-100
0
0.0001
0
0
0
0
0
0
0
0
0
0
0
0
0
0
0
0
0
-100
0
0
0
2E-09
0.001
0
0
0
-100
0
0
0
0
0
0
0
0
0
0
0
0
0
0
-100
0.0004
0
0.0004
0
0
0
0
0
0
0
0
0
-100
0
0
0
0
0
0.0015
0
0
0
0
0.0002
0
0
0
0
0
0
0
0
0.001
0
0
0
0
0
0
0
0
0
0
0
0
0
0
0
0
0
-100
0
-100
0
0
0
1.05259446915688E-16
1.55932670308332E-16
1.87127470516332E-16
1.85829289593532E-16
0
0
0
0.0004
0
0
0
0
0
0
0
0
0
0
0
0
0
0
0
0
0
0.0011
0
0
0
0
0
0
0
0
0
0
0
0
0
-100
-100
0
0
0
-100
-100
0.001500003
0
0
0
0
0
0
0
0
0
0
0
0
-100
0
0
-100
-100
0
0
0
1.5E-08
1.300001E-08
0
3.89974E-13
0
0.001
0
0
0.0002
0
0
0
0
0
0.0006
0
0
0
0
0
0
0
0
0
0
0
0
0
0
-100
-100
0.0014
-100
0.0005
0
0
0
0
0
0
0
-100
0
0
0
-100
-100
-100
-100
0
0
0.0002
0
-100
0
0.0013
0
0
0
0
0
0
0
0
0
0
0
0
0
0
0
0.0013
0
-100
0.0001
0
0
0
0
0
0
0
0
0
0
0
0
0
0
0
0
0
-100
0
0
0
0
0
0.0002
0
0
0
0
0
0
0
0
0
0
0
0
0
0
0
0
0
0
0
0
0
0
0
1.9195580156E-12
0
1.1698440052E-12
0
0
0.0001
0
0
0
0
-100
-100
-100
-100
-100
0
0
0.0015
0
0.0012
0
0
0
0
0
0
0
-100
0
0
0
2.8E-08
1.3E-13
1.3E-13
1.1698440052E-12
0
0
0.0014
0
0.0002
0
0
0
0
0
0
0
0
0
0
0
0
0
0
0
0
0
0
0
0
0
0
0
0
0
0
0
0
0
0
0
0
0
0
0
0
0
0
0
0
0
0
0
-100
0
0
0
0
0
-0.002
0
-100
-100
-100
-100
0
0
0
0
0
0
0
0
0
0
0
0
0.001
0
0
0
0
0
0
0
0
0
0
0
0
0
0
0
0
0
0
0
-100
0
0
0
0
0
0.0001
0
0
0
0
0
0
0
0
0
0
0
0
0
0
0
0
0.0002
0
0
0
0
0
0
0
0
0
0
0
0
0.001
0
0
0
0
0
0
0
0
0
0
0
0
0.0011
0
0
0
0
0
0
0
0
0
0
0
0
0
0
0
0
0
0
0
0
0
0
0
0
0
0
0
0
0
0
0
0
0
0
0
0
0
0
0
0
0
0
0
0
0
0
0
0
0
0
0
0
0
0
0
0
0.001300001
0
0
0
0.0013
0
0
0
0
0
0
0
0
0
-100
0
0
0
0
0
0
0.0004
0
0
0
0
0.0004
0
0
0
0
0
0
0
-100
0
0
0
0.001
0
0.0014
0
0
-100
0
0
0
0
0.0003
0
0
0
0
0
0
0
0
0
0
0
0
0
-100
0
0
0
-100
0
0
0
0
0
0.0001
0
0
0
0
0
0
0
0
0
0
0
0
0
0
0.0002
0
0
0
0
0
0
0
0
0
0
