2.44044067971353E-10
2.97460911918422E-09
2.90097788570581E-09
0.0200110100866912
0
1.35922620077432E-07
1.05919034969794E-07
1.47903430755104E-07
2.99964E-08
0.001199780012
9.9988E-09
0.001199780012
0
0.0006
0.0002
0
0
0
0
-100
0.200110103736034
2.72840726112279E-08
2.69177694188913E-08
2.95793081490506E-08
2.76152146929276E-11
2.54022643743433E-05
2.4823320413257E-05
2.01512631759945E-05
8.82526933631126E-07
0
0
0.0238688358216449
0
-100
-100
0
0
-100
-100
0
0
0
0
0
0
0
0
0
0
0
0
0
0
0
0
0
0
0
0
0
0
0
0
-100
0
-100
-100
0
0
0
-100
0
0
0
-100
0
0
1.39976E-08
4.39886012E-08
0
0
-100
-100
0
0
0
0
0
0
0
0.00011
0
0
0
0
0
0
0
0
0
0
0
0
0
0
0
0
0
0
1.4E-13
0
0
0
0
0
0
0
0
0.000200013
0
0
0
0
0
0
0
0
0
0
0
0
0
0
0
0
0
0
0
0
0
0
0
0
0
0
0
0
0
-100
0
0
-100
0
0
0
0
-100
0
0
-100
0
9.99448505466317E-16
9.35800509332895E-16
2.00110105799672
0
-100
-100
0
0
-100
0.00199932409439616
0
0.0004
0
0.0004
-100
0.0002
0
0.0002
0
0
0
0
0
0
0
0
0
0
0
0
0
0
0
0
0
0
0
0
0
0
0
0
0
0
0
0
0
0.0002
0
0
0.0002
0
0
0
0
0
0
0
0
0
1.1E-13
0
0
0
0
0
0
0
0.0011
0
0
0
0
0
0
0
0
0
0
-100
-100
-100
-100
1.38498059872766E-12
-0.0199845057989561
-0.0269705166448968
0
-100
-100
-100
-100
0
0
1.2E-08
0
-100
0.0006
0
0
-100
0.00059996
1.2E-08
-100
0.0006
0
0
0.0016
0
0
0
0
0
0
0
0
0
0
0
0
0
0
0
0
0
0
0
0
0
0
0
0
0
0
0
0
0
0
0
0
0
0.0013
0
0
0
0
0
0
0
0
0
0
0
0
0
0
-100
0
0
0
9.1238196806152E-13
-0.0199845057989561
-0.0269705166448968
0
6E-09
0.00059996
5.9996E-09
0.00059996
0
0
0
0
0
-100
-100
0
0
-100
-100
0
0
-100
-100
0
0
0
0
0
0
0
0
0
0
0
0
0
0
0
0
0
0
0
0
0
0
0
0
0
0
0
0
0
0
0
0.0001
0
0
0
0
0
0
0
0
0
0
-100
0
0
0.0002
0.00059996
0.0002
0.0002
-100
0.0006
0
-100
0.0110107384504504
-0.342314030430734
-0.342314030430734
0
0
-100
-100
0
0
1.1E-09
0
0
0
0.00011
0.00011
0
0
1.1E-13
0
0
0
0
0
0
0
0
0
0
0
0
0
0
0
0
0
0
0
0
0
0
0
0.0002
0
0
0
0
0.0002
0
0
0
0
0
0
0
0
0
0
0
0
0
-100
0
0
0
-100
-100
-100
-100
0
-100
-100
0
0
0
0
0
0
0
0
0
0
0
0
0
0
0
0
0
0
0
0
0
0
0
0.0002
0
0
0
0.0002
0
0
0
0
0
0
0
0
0
0
0
0
0
-100
0
0
0
0
-100
-100
-100
0
-100
-100
0
0
0.00011
0
0
0
0
0
0
0
0
0
0
3.47213764270531E-11
2.16682668838712E-16
4.19994857305221E-16
3.8324383647734E-16
1.2191794386988E-07
1.2001034214222E-12
4.99901E-13
5.39688499065385E-12
1.19953006E-08
8.38634601120328E-07
8.4762566367616E-07
1.28531582555666E-06
0
0
0
-100
0
-100
-100
0
0
0
0
0
0
0
0
0
0
0
0
0
0
0
0
0
0
0
0
0
0
0
0
0
0
1E-14
0
0
4.9994E-09
2.23959803639664E-07
0.0001001039895
2.3795280336E-07
0
0
0.0014
0
0
0
0
0.0002
0
0
0
0
0
0
0
0
-100
0
0
0
0
0
0
0
0
0
0
0
0
0
0
0
0
0
0
0
0
0
0
0
0
0
0
0
0
0
0
1E-09
0.001
0
0.0001
0
0
0
0.0014
0
0
0
0
0
0
0
0
0
0
0
0
0
0
0
0
0
0
0
0
0
0
0
0
0
0
0
0
0
0
0
0
0
-100
0
0
-100
-100
0
0
-100
-100
0
0
-100
0
0
0
0
0
0
0.0001
0
0
0
0
0
0
0
0
0
0
0
0
0
0
0
0
0
0
0
0
0
-100
0
0
-100
0
0
0
0
0
0
0
0
0
0
0
0
0
0
0
0
0
0.00011
0.00011
0
0
0
0
0
0
0
0
0
0
0
0
0
0
0.0013
0
0
-100
0.0001
0.0001
-100
0
0
0
0
0
0
0
0
0.001
0
0
0
0
0
0
0
0
0
-100
0
0
0
0
0
0
0.00011
0
0
0
0
0
0
0
0
0
0
0
0
0
0
0
0
0
0
0
0
0
0
7.99900012E-09
1.28967161752E-07
0
1.759759409E-07
0
0.0013
0
0
0
-100
0
0
0
0
0
0
0
0
0
0
0
0
0
0
0
0
0
0
0
0
0
0
0
0
0
0
0
0
0
0
0
0
0
0
0
0
0
-100
0
0
0
0
0
0.00011
0
0
0
0
0
0
0
0
0
0
0
0
0
0
0
0
0
0
0
0
0
0
0
0.0001
0
0
-100
0
0
0
-100
0
0
-100
0
0.00011
0
0
0
0
0
0
0
0
0
0
0
0
0
0
-100
0
0
0
0
0
0
-100
9.897140264E-09
-100
-100
0
0
0
0
0
0
0
0
0
0
0
0
0
0
0
0
0
0
0
0
-100
0
-100
-100
0
0
0
0
0
0
0.00011
0
0
0
0
0
0
0
0
0
0
0.001
0
0.0001
0
0
0.0013
0
0
0
0
0
0
0
0
0
0
0.001
0
0
0
0
0
0
0
0
0
0
0
0
0
0
0
0
-100
0
0
0
0
0
0
0
0
0.00011
0
0
0
0
0
5.49934E-09
0
0
0
0
0
0.00011
0
0
0
0
0
0.003
0.0005000299835009
0.000600029991
1.04982E-07
0
0
0.0001
0.0002
0
0
0
0
0
0
0
0
0.001
0
0
0
0
0
0
0
0
0
0
0
0
0
0
0
0
0
0
0
0
0
0
0
0
0
0
0
0
0
0
0
0
0
0
0
0
0
0
0
1E-08
0
0
0
2.098935230982E-07
1.4091921847856E-12
2.57826640697E-12
3.51686016270111E-12
0
0.000200002
0
0
0
0.0001
0.0002
0
0
0
0
0
0
0
0
0
0
0
0
1.1E-09
0
0.00164906524746986
0.00230807580832138
0
0
0
0
0
0
0
0
0
0
0
0
0
0
0
0
0
0
0
0
0
0.001
0
0
0
0
0
0
0
0
5.9996E-09
0
0
0
0.0013
0
0
0
0
0
0
0
0
0
0
0
0
0
0
0
-100
0
0
0
-100
-100
0
0
0
0
0
0
0
0
0
0
0
0
0
0
0
0
0
0
0
0
0
0
0
0
0
0
0
0
-100
0
0
-100
0
0
0
0
0
0
0
0
0
0
0
0
0
0
0
0
0
0
0
0.0002
0
0
0.0002
0
0
0
0
0
0
0
0
0
0
0.001
0
0
0
0
0
0
0
0
-100
0
0
0.110108571868764
-100
-100
4.63895119343561E-10
0
3.95469676533484E-07
3.86687702634503E-07
2.27475475964871E-07
0
0
0
0
0
0
0
0
0
0
0
0
0
0
0
0
0
0
0
0
3E-08
4.19972E-08
0
2.8E-08
-100
0
0.0013
0
0
0
0
0
0
0
0
0
0
0
0
0
0
0
0
0
0
0
0
0
0
0
0
0
-100
0.0518781350200786
0.0518781350200786
-0.168666872378292
0
0
0
-100
0
0
0
0
0
0.00011
0
0
0
0
0
0
0
0
0
0
4.39972E-08
2.999404E-08
1.09980105147525E-07
0
0.00499910525737624
0.0001001379947976
0.000399928
2.309716E-07
0
0
0.0015
0
0.0004
0
0
0
0
0
0
0
0.001
0
0
0
0
0
0
0
0
0
0
0
0
0
0
-100
0
0
0
0
0
0
0
0
0
0
0
0
0
0
0
0
0
0
0
0
0
0
0
0
0
0
0
0
0
0
0
0
0
0
0
0
0
0.0014
0
0
0
0
0
-100
0
0
0
0
0
0
0
0
0
0
0
0
0
0.0002
0
0
0
0
0
0
0
0
0
0
0
0
0
0
0
0
0
0.0002
0
0
0.0011
0
0
0
0
0.0002
0
0
0
0
0
0
0
0
0
0
0
0
0
0
0
0
0
0
0
0
0
0
0
0
0
0
0
0
0
0.0001
0
0
-100
0.0013
0
0
0
0
0
0
0
0
0
0
0
0
0
0
0
0
0
0
0
0
0.0021
0
0
0
0
0
0
0
0
0
0
0
0
0
0
0
0
0
0
0
-100
0
0
0
0
0
0
2E-13
2E-13
8.00008E-19
0
0
0
0
0
0.0001
0
0
0
0.0013
0.0013
-100
0
0
0
0
0
0
0
0
0
0
0
0
0
0
0
-100
0
0
0
0
0
0
0
0
0
0
0
0
0
0
0
0
0
0
0
0
0
0
0
0
0
0.0002
0
0
0
0
0
0
0
0
0
0
0
0
0
0
-100
0
0
0
0
0
-100
0
0
0
-100
0
0
0
0
0
0
0
0
0
0
0
0
0
0
0
0
0
0
0
0
0
0
0
0
0
0
0
0
0
0
0
0
0
-100
0
0
0
0
0
0
0
0
0
0
0
0
0
0
0
0
0
0
0
0
0
0
0
0
0
0
0
1E-08
0
0
0
0
0
0
2E-14
0
0
0
0
-100
0
0.0002
-100
0
0
0
0
0
0
0
0
0
0
0
0
0
0
0
0
0
0
0
0
0.000400002
0
0
0
0
0
0
0
0
0
0
0
0
0
0
0
0
0.0013
0
0
-100
0
0
0
0
0
0
0
0
0
0
0
0
0
0
1.1E-09
0
0
0
0
3.86372536745287E-06
3.87952266867373E-05
3.79210800228399E-05
3.93007213400624E-05
-100
-100
-100
-100
0
0.00011
0
0
0
0
0
0
0
0
0
0
0
0
0
0
0.001
0
0
0
0
0
0
0
0
0
0
0
0
0
0
-100
0
0
0
0
0
0
0
0
0
0
0
0
0
0.0001000299964
0.000300012
2.8E-08
-100
0
0
0
7.0301294396064E-16
0.037973225737476
1.10109429192687
8.43164364283364E-15
9.16888572479198E-16
3.85575372669373E-19
3.88556389967858E-19
0.0110020206045756
8.98601505468645E-17
0.110376961852854
4.8881613548951E-14
4.68201072439217E-14
3.75720833386725E-11
0
0
3.87624830652315E-16
1.89991502249726E-12
5.18839664878826E-17
3.68913137780447E-17
1.53857153004332E-16
2.2497032E-12
8.34557701314357E-17
1.21218468280352E-16
2.6990401239952E-13
0
2.9998E-09
1.199926006E-08
1.199926006E-08
0
0
0
0
0
0
0
0
0
0
0
0
0
0
0
0
0
0
0
0
0
0.0011
0
0
0
0
0
0
0
0
0
0
0
0
0
0
0
0
0
0
-100
0
0
-100
0
0
0
1E-09
0
0.0001
0.0001
0
0
0
0
0
0
0
0
0
0
0
0
0
0
0
0
0
0
0
0
0
0
0
0
0
0
0
0
0
0
0
0
0
0
0
0
0
0
0
0
0
0
0
0
0
0
0
0
0
-100
0.0013
0.0013
0
0
0.00011
0.00011
0
1.63756377413941E-21
4.71615448919138E-16
2.12666043410024E-16
4.70357390104998E-16
1.3199480048E-12
4.9994E-19
8.0027588790074E-19
2.499400036E-18
0
0
0
0
0
0.0015
0
0
0
0
0
0
0
0
0
0
0
0
0
0
0
0
0
0
0
0.0002
0
0
-100
0
0
0
0
0
0
0
0
0
0
0
0
0
0
0
0
0
0
0
0
0
5.9996E-14
0
0
0
0
0
0
0
0
-100
0
0
0.00011
0
0
0
0
0
0
0
0
0
0
0
0
0
1.75963523740267E-12
2.9471816064052E-12
1.539412E-12
-100
0
0
0
0
-100
-100
0.0014
-100
0.0005
0
0
0
0
0
0
0
0
0
0
0
0
0
0
-100
0
0
0
0
0
0
0
0
0
0
0
0
0
0
0
0
0
0
0
0
0
0
0
0
0
0
0
0
0
0
0
1E-09
0
0.0013
0
0
0
0
0.0001
0
0
0
0
0
0
0
0
0
0
0.0002
0
0
0
0
0
0
0
0
0
0
0
0
0
0
0
0
0
0
0
0
0
0
0
0
0
0
0
0
0
0
0
0
0
0.0006
0
0
0
0
0
0
0
0
0
0
0
0
0
0
0
0
0
0
0
0
0
0
0
0
0
5.200004E-13
0
0
8.792842551664E-08
4.28557747253707E-07
1.03836783338681E-07
4.91517852713707E-07
-100
0.000200001
0.0038997429998
2E-09
-100
0.0001
0.0001
-100
0
0
0
0
0
0
0
0
0
0
0
0
0
0
0
-100
0
0
0
0
0
0
0
0
-100
-100
-100
-100
0
0
0
0
0
0
0
0
0
0
0
0
0
0
0
0
0
0
0
0
0
0
0
0
0
0
0
0
0
0
0
0
0
0
0
0
0
0
0
0.0004
0
0
0
0
0
0
0
0
0
0
0
0
0
0
0
0
0
0
0
0
0
0
0
0
0
0
0.0015
0
0
0
0
0.0004
0
0
0
0
0
0
0
0
6.29958E-08
0
0
0
-100
0
0
0
0
0.0021
0
0
0
0
0
0
-100
0
0
-100
0
0
0
0
0
0
0.00011
0
0
0
0
0
0
0
0
0
0
0
0
0
0
0
0
0
-100
0
0
0
-100
0
0
0
1.2E-13
1.79407032052457E-16
9.0267336951123E-17
3.58158759196832E-16
1.119916E-12
1.9997300036E-13
4.87885301259928E-12
3.78929281047952E-12
9.09844E-08
1.0003778517102E-08
5.99914006E-09
1.00010598719952E-08
0
0.0013
0.0014
0
0
0.0001
0
-100
0
0
0
0
0
0
0
0
0
0
0
0
0
-100
0.0014
-100
0
0
0.0005
0
0
0
0
0
0
0
0
0
0
0
0
0
0
0
0
0
0
0
0.0011
0
0
0
0
0
0
0
0
0
0
0
0
0
0
0
0
0
0
0
0
0
0
0
0
0
0
0
1E-14
0
0
1.4E-08
0
0
0
0
0
0
0
0
0
0
0
0
0
0
0
0
0
0
0
0
0
0
0
0.0015
0
0
0
0
0
0
0
0
0
0
0
0
0
0
-100
0
0
0
0
0
0
0
0
0
0
0
0
0
0
0
0
0
0
0
0
0
0.0013
0
0
0
0.0001
0
0
0
0
0
0
0
0
0
0
0
0
0
0
-100
0
0
4.9994E-19
2.400024E-23
4E-18
6E-18
1E-08
3.89974E-13
0
9.09922E-13
3.89974E-08
3.999619996E-09
4.00004E-09
2E-09
-100
0.0001
0.000200002
2E-09
0
0
0
0
0
0
0
0
0
0
0
0
0
0
0
0
0
0
0.0001
0
0
0
0.0014
0
0.0002
0
0
0
0
0
0
0
2E-09
0
0
0
-100
0
0
0
-0.0119953006
0
-0.008998
-0.0119953006
0
0
0
0
1.84912957157813E-07
6.94485487253158E-11
1.24465147274101E-10
6.30037354139008E-11
-100
0.0159944007999616
0.014994770739565
-100
0
0
0
0
-100
0.0001
0.0001
-100
0
0
0
0
0
0
0
0
0
0
0
0
7.2E-13
1.68E-27
0
0
1.2E-08
4E-09
0
0
0.0002
0
0
0
0
0
0
0
0
0
0
0
0
0
0
0
0
0.0013
0.0013
0
0
0
0
0
0
0
0
0
0
0
0
0
-100
0
0
0
0
0
0
0
0
0
0
0
0
0
0
0
0
0
0.0001
0
0
0.0013
0
0
0
0
0
0
0
0
0
0
0
0
0
0
0
0
0
0
0
0
0
0
0
0
0
0
0
0
0
0
0
0
0
0
0
0
0
0
0
0
0
0
0
0
0
0
0
0
0.0004
0
0
0
0
0
0
0.0012
0
0
0
0
0
0
0
0
0
0
0
0
0
0
0
0
0
0
0
0
0
0
3E-08
5.200004E-13
0
7.7994859996E-13
1.2596360336E-07
7.16043013183191E-11
2.97950633132039E-11
-99.9500059999862
0
0
0
1.1E-09
0
0
0
0
0
0
0
0
1.099994E-12
5.35443386387558E-16
4.85976229548206E-16
1.02071602706E-16
3.6E-08
3.099385997E-08
4.8E-13
9E-13
-100
0.009598240096
0.0044997
-100
0
0
0
0.0002
0
0
0
0
0
0
0
0
0
0
0
0
0
0
0
0
0
0
0
0
0.001
0
0.0013
-100
0
0
0
0
0
0
0
0
0
0
0
0
0
0
0
0
0
0
0.0021
0
0
0
0
0
0
0
0
0
0
0
0
0
3.89877634753001E-12
0
0
0
0
0
0
0
0
0
0
0
0
0
0.0014
0
0
0
0
0.0002
0
0
0
0
0
0
0
0
-100
0
0
0
0
0
0
0
0
0
0
0
0
0
0
0
0
0.0015
0.0014
-100
0
0
0
-100
5.5763336361923E-10
8.32322863185286E-11
1.59430506402413E-10
1.75687520641697E-10
0
4.499708E-08
0
1.5E-08
-100
0.0001
0.0002
0
0
0
0
0
1E-08
0
0
0
0
0
0
0
-100
0
0
0
0
0
0
0
-100
0
0
0
0
2.4E-23
0
0
0
8.0000119952E-13
8E-13
0
0
0
0
0
0
0.000100013
0
0
0
0
0
0
0
0
0
0
0
0
0
0
0
0
0
0
0
0
0
0
0
0
0
0
0
0
0
0
0
0
0
0
0
0
0.0001
0
0
-100
0
0
0
0
0
0
0
0
0.0002
0
-100
0
0
0
0
0
0
0
0
0
2E-09
0
0
0
0
-100
-100
-100
-100
-100
0
0
0
0
0
0
0
0
0
0
0
0
0
0
0
0
0
0
0
0
0
0
0.000100013
0
1.109991E-12
9.38739627399988E-17
3.3415670924798E-16
1.1396445378E-16
1.0835315308066E-11
2.04632464624266E-16
3.61275934418383E-16
9.69710683083762E-13
0
1.6E-17
0
0
0.001
0
0
0
0
0
0
0
0
0
0
0
0.0002
0
0
0
0
0
0
0
0
0
0
0
0
0
0
0
0
0.001500002
0
0
0
0
0
0
0
0.0021
0
0
-100
0
0
0
0
0
0
0
0
0
0
0
0
0
0
0
0
2.1E-18
0
0
0
0
0
0
0
0.0002
0
0
0
0
0
0
0
0
0
0
0
0
0
0
0
0
0
0
0
0
-0.004
-0.003
-100
-100
-100
-100
1E-19
0
0
0
0
0
0
0
0.001
0
0
0
0
0
0
0
0
0
0
0
0
0
0
0
0
0.0002
0
-100
-100
0.0044997
0.004499708
-100
0
0.0002
0
0.0004
0
0
0.0002
0
0
0
0
0
0
0
0
-100
-100
0.0016
0.0014
-100
-100
0.0001
0.000200002
2E-09
2.60050989345209E-10
0.0379732257375488
1.10636566526836
8.23621412173694E-14
4.28819318702906E-07
7.697185508798E-12
1.06965403136461E-15
1.76270741845395E-11
0
0
0
0
0
0
0
0
0
0
0
0
0
0.0002
0
0
0
0
0
0
0
0
0
0
0
0
0
0
0
0
0
0
0
0.0011
0
0
0
0
0
0
0
0
0
0
0
0
0
0
-100
-100
-100
-100
0
0
0
0
1E-14
0
0
0
0
0
0
0
0
0
0
0
0
0.0013
0
0
0
0
0
-100
0
0
0.0013
0
0
0
0
0
0
0
0
0
0
0
0
0.0004
0
0
0
0
0
0
0
0
0
2.4E-23
0
0
0.001
0
0
1.3E-08
0
0
0
0
0
0
0
0
0
0
0
0
-100
0.0002
0
0.0002
0
0
0
-100
0
0
0
0
0
0
0
0
0
0
-100
0
0.0851658620764781
6.46614812648533E-13
6.55837963593517E-13
6.5436952987375E-13
-100
0.001799670018
0.002799170078
-0.002
5.19569924230441E-06
2.1726035784033E-11
2.5951497092596E-11
1.85933282110758E-11
0
0
0
0
0
-100
-100
-100
0
0
0
0
0
0
0
0
0
0
0
0
0
0
0
0.0006
0
0
0
0
0
0
0
0
0
0
0
0
0
0
0
0
0
0
0
0
0
0
0
0
0
0
1.09978125543525E-07
0
-100
0
0
0
0
0
0.0002
0
0
0.0002
0
0
0
0
0
0
0
0
0
0
0
0
0
0
0
0
0.0011
0
0.0002
0
0
0
0
0
0.0015
0
0
0
0.0002
0
0
0
0
0
-100
0
0
-100
0
1E-13
1E-13
0
0
0
0
0.0004
0
0
0
0
0
0
0
0
0.001
0
0
0
0
0
0
-100
0
0
0
0
0
1.1780129419247E-11
1.81079059492213E-11
6.0263748055376E-12
-100
0
0
0
0
0
0
0
1E-09
0
0
0
0
0
0
0
0
0
0
0
-100
0.0002
1.3E-08
-100
0
0
0
0
0.001
0
0.0001
0.0004
0
0
0
0
0
0
0
0
0
0
0
0
0
0.0002
0
0
0
0
0
0
0
0
0
0
0
0
0
0
0
0.0014
0
0
0
0
0.0001
0
0
0
0
0
0.001
0
0
0
0
0
0
0
0
0
0
0
0
0
0
-100
-100
0
0.0014
-100
0
0
0
0
0
0
0
0
0
0
0
0.0004
0
0
0
0
0
0
0
0
0
0
0
0
0
0
0
0
0
0
0
0
2E-08
1.19992E-13
4E-14
1.19992E-13
0
0
0.0002
0
0
0.0013
0
0
0
0
0
0
0
0
0
0
0
0
0
0
0
0
0
0
0
0
0
0
0
0
0
0
2E-08
1.5E-13
3.669488818E-12
1.7998832E-12
-100
0
0
0
0
0
0
0
0
0
0
0
0
0
0
0
-100
0
0
0
0
0
0
0
0.001
0.0038997429998
0.0014
2.9998E-09
0
0
0
0
0
0
0
0
0
0
0
0
0
0
0
0.0002
0
0
0
0
0
0
0
0
0
0
0
0
0
0
0
0
2E-09
0
0
0
0
0.000100013
0
0
-100
0.0002
0.0013
-100
0
0
0
0
1E-08
0
0
0
0
0
0
0
0
0.0021
0
0
0
0
0
0
0
0
0
0
-100
0
0
-100
4.5E-08
5.9996E-09
0
4E-09
0
0.0015
0.0012
0
0
0
0
0
0
0
0
0
0
0
0
0
0
0
0
-100
0
0.0013
0
0
0
0
0
0
0
0
0
0
0
0
0
0
0
0
0
0
0
0.0021
0
0
0
0
0
0
0.001
0.0012
0
0
0
0
0
0
0
0
0
0
0
0
0
0
0
0
0
0
0
-100
0
0
2.09998E-08
0
0
2.7999629998E-08
1E-08
0
0
2.1E-13
0
0
0
0
-100
0
0
0
-100
-100
-100
-100
0.0006
0
0.0008
0
0
0
0
0
0
0
0
0
0
0
0
0
0
0
0.0002
0
0
0
0
0
0
0
0
0
0
0.0002
0
0
0
0
0
0
0
0
0
0
0
0
0
0
0
0
0
0
0
0
0
0
0.001
0.0015
0
0
0
0
0
0.0002
0
0
0
0
0
0
0
0
0
0
0
0
0
0
0
-100
-100
0.000100002
0.000599964
0
-100
0.0002
0.0002
-100
-100
0.0002
0.0002
-100
0
0
0
0
0
0
0
0
0
0
0
0
0
-100
0
-100
0.0002
0
0
0
0
0
0
0
0
0
0
0
-100
0
0
0
0
0
0
0
0
0
0
0.0004
0
0
0
0
0
0
0
0
1.39972E-08
0
6.4E-13
3.2E-13
0
3.2E-08
4.79968E-08
0
-100
0.0016
0.0014
-100
0
0
0
0
0
0
0
0
0
0
0
0
0
0
0.0002
0
0
0
0
0
0
0
0
0
0
0
0
0
0
0
0.0001
0
0
0
0
0
0
0
0
0
2E-09
0
0
0
1.02941255193828
6.07684388155161E-08
1.04049253948567E-08
5.77767799398166E-08
3.19833057989561E-07
8.70737536098086E-06
9.4953483156176E-06
5.14622760554792E-06
0
0
0
0
0
0
0
0
0
0
0
0
0
0
0
0
0
0
0
0
0
0
0
0
0
0
0
0
-100
0
0
0
0
0
0
0
0
0.0001
0
0
-100
0
0.0013
0
0
0
0
0
0
0
0
0
-100
2.01793047539671E-08
2.80333574707893E-08
2.57243748193633E-08
0
0
0
-100
0.001
0
0
0
0
0
0
0
0
0
-100
0
0
0
0.0015
0
0
0.0002
0
0
0
0
0
0
-100
0
0
-100
-100
0
0
0
0
0
0
0
0
0
0.0001
0
-100
0
0
0
0
0
0
0
0
0
0
0
0
0
0
0.0002
-100
0
0
0
0
0
0
0
0
0
2E-09
0
0
0.0002
0
0
0
0
0
0
0
0
0
0
0
0
0
0
0
0
0
0
0
0
0
0
0
0
0
0
0
0
0
0
-100
4.70576526044789E-05
4.70990973935274E-05
-100
0
0
0.0011
0
0
0
0
0
0
0
0
0
0.001
0
0
0
0
0
0
0
0
0
0
0
-100
0
0
0
0
0
0
0
0
0
0
0
0
0
0
0
0
0
0
0
0
0
0
0
0
0
0
0
0
0
0
0
-100
0.0001
0
0
0
0
0
0
0
0
0
0
-100
0
0
0
0
0.0002
0
0
0
0.0001
0
0
0
0
0
0
0
0
0
0
0
0.0002
0
0
0
0
0
0
0
0
0
0
0
0
0
0
1.1696620312E-07
1.0494031385892E-12
9.894211385892E-13
3.08715213838714E-12
0.001
0.0005999659996
0.0013
6.9994E-09
0
0
0.0001
0
0
0
0
0
0
0
0
0
0
0
0
0
-100
0
0
-100
0
0
0
0
0
0
0.0011
0
0
0
0
0
-100
0
0
0
0
0
0.0012
0
0
0
0
0
0
0
0
0
0
0
0
0
-100
0
0
0
-100
0.000200001
0.001300001
0
0
0
0
0
0.001
0
0
0
0
0
0
0
0.001
0
0
0
0
0
0
0
0
0
0
-100
-100
0.0044997
0.0013
-100
0
0
0
0
0
0
0
0
0
0
0
0
0
0
0
-100
0
0
0.0021
0
0
0
0
0
0
0
0
0
0
0
0
0
0
0
0
0
0
0
0
-100
-100
0.0001
0.0001
0
0
0
0
0
0
0
0
0
-100
0
0
0
0
0
0
-100
0
0
5.9996E-14
0
-100
0
0
0
1.119888E-12
1E-14
1E-14
8.39981001519976E-13
0
0
0
0
0
0
0
0
0
0
0
0
0
0
0
-100
0
0
0.000100013
0
0
0
0
-100
0
0
0
4.5E-18
0
0.0016
0
0
0
0
0
0
0
0.0021
0
0
0
0
0
0
0
0
0
0
0
0
0
0.0004
0
0
0
-100
0
0
-100
0
0
0
0
0
0
0
0
-100
0
0
0
0
0
0
0
0
0
0.0021
0
0
0
0
0
0
-100
0
0
-100
0
0.0013
0
0
0
0
0
0
0
0
0
0
0
0
0
0
-100
0
0
0
0
0.0001
0
0
0
0
0
0
0.001
0
0
0
0
0
0.0011
0
0
0
0
0
0
0
0
0
0
0
0.001
0
0
0
0
0
0.001
0
0
0
0
0
0
0
0
0
0
0
0
0
0
0
0
0
0
0
0
0
0
0
0
0
0
0
0
0
0
0
0
-100
-100
0
0
0
1.04982E-17
0
0
0
0
0
0
0
0
0
0
0
0
0
0
0
0
0
0
0
0
0
0
0
0
0
0
0
0
0
0
0
0
0
0
0
0
0
0
0
0
0
0
0
0
0
0
0
0
0
0
0
0
0
0
0
0
0
0
0
0
0
-100
0
0
-100
-100
0
0
0
0.001
0
0
0
0
0
0
0
0
0
0
0
0
0
0
0
0
0
0
0
0
0
0
0
-100
0
-100
0
-100
0.0001
0.0001
0.0002
0
0
0
0
0
0
0
0
0
0
0
0
0
0
0
0
0
0
0
0
0
0
0
0
0
0
0
0
0
0
0
0
0
1.6E-08
1.6E-08
0
0
0
0
0
-100
0.0002
0
-100
0
0
0
0
0
0.0002
0
0
0
0.0002
0
0
0
0
0
0
0
0
0
0
0
0
0
0
0
0
0
0
0
0
0
0
0
0
0
0
0
0
0
0
0
0
0
0
0
0
0
0
-100
-100
0.00419973
-100
0.0005
0
0.0005
0
0
0
0
0
0.001
0
0
0
0
0
0
0
-100
0
0
0
0
0
0
-100
0
0.0001
0
0
0
0
0
0
0
0
0
0
0
0
0
0
0
0
0
0
0
0
0
0
0
0
0
0
0
0
0
0
0
0
0
0
0
0
0
0
0
0
0
0
0
0
0
0
0
0
0
0
0
0
0
0
0
0
0
0
0
0
0
0
0
0
0
-100
0
0
0
1.300001E-08
0
0
0
0
0
0
0
0
0
0
0
-100
4.69576181264063E-08
-0.0269705166448968
-0.0249755117472463
-0.0269705166448968
-100
-100
-100
-100
0
0.0001
0
0.0004
0
0
0
0
0
0
0
0
2E-09
0
0
0
0
0
0
0
0
0
0
0
0
0
0
0
0.001
0.0013
0
0
0
0
0
0
0
0
0
0
-100
0
0
0
-100
0.0001
0
0.0002
0
0
0
0
0
0
0
0
-100
0
0
0
0
0
0
0
0
0.0002
0
0
0
0
0
0
0
0
0
0
0
0
0
0
0
0
0
0
0
0
0
0
0
0
0
0
0
0
0
0
0
0
0
0
0
0
0
0
0
0
0
-100
0
0
0.0001
0
0
0
0
0
0
0
0
0
0
0
0
0
0
0
0
0
0
0
0
0
0
0
0
-100
0
0
0
0
0
0
0
0
0
0
0
1E-09
0
0
0.001
0.001
0
0
0
0
0
0
0
0
-100
0
0
0
0
0
0
0
0
0
0
0
-100
0
0
0
0
0
0.0015
0
0
0
-100
0
0
1.3E-08
0
0
0
0
-100
0
0
0
0
0
0
-100
0
0
0.001
0.0013
0.0014
0
0
0
0
-100
0.0004
0
0
0
0
0
0
0
0
0
0
0
0
0
0
0
0
0
0.0011
0
0
0
0
0
0
0
0
0
0
0
0
0
0
0
0
0
0
0
0
-100
0
0
0
0
0
0
0
0
0.001
0
0
0
0
0
0
0
0
0
0
0
0
0
0
0
0
0
0
0
0
0
0
0
0
0
0
0
0
0
0
0
0
0
0
0
0
0
0
0
0.0029998
0.001300001
0.0015
2.9998E-09
0
0
0
0
0
0
0
0.0004
0
0
0
0
0
0
0
0
0
0
0
0
0
0
0.0001
0
0
0
0
0
0
0
0
0
0
0
0
0
0.345211143276534
11.9775042908382
0.414253371681473
0.138084458116882
3.83799669587473E-07
4.99628115263537E-07
6.75325119119546E-07
7.79180389582181E-07
0.003599782
0.0012
0.00359976
0.0012
0
0
0
0
0
0
0
0
0
0.0011
0
0
0
0
0
0
0
0
0
0
9.09844E-08
7.7973602959904E-08
5.3980802479904E-08
6.998000144E-08
0
0.0002
0
0
0
0
0
0
0
0
0
0
0
0
0
0
0
0
0
0
0
0.0001
0
0
0
0
0
0
0
0
0
0
0
0
0
0
0
0
0
0
0
0
0
0
0
0
0
0
0
0
0
0
0
0
0
-100
0
0.0004
0.0004
0.0004
0
0
0
0
0
0
0
0
0
0.0021
0
0
-100
0
0
0
0
0
0
0
0
0
0.0021
0
0
0
0
0
-100
0.0004
0.0004
0.0004
0
0
0
0
0
0
0
0
0
0
0
0
-100
0
0
-100
0
0
0
0
0
0
0
0
0
0
0.0002
0
0
0
0
0
0
0
0
0
0
0.0002
0
0
0
0
0
0
0
0
0
0
0
0
0
0
0
0
0
-100
0
0
-100
0
0
0
0
0
0
0
0
0
0
0
0
0.0004
0
0
0
0
0
0
0
0
0
0
0
0
0.0005
0
0
0
0
0
0
0
0
0
0
0.0002
-100
0
0
0
0
0
0
0
-100
0
0
0
0
0
0
0
0
0
0
0
0.001
0
0
0
0
0
0
0
0
0
0
0
0
0
0
0
-100
0
0
0
-100
0.0001
0.0001
0.0002
0
0
0
0
0
0
0
0
0.001
0.0002
0
0
0
0
0
0
-100
0.00029998
0.00029998
-100
0.001
0
0
0
-100
0.0002
0
0.0002
0
0
0
0
0
0
0
0
0
0
0
0
0
0
0
0
0
0
0.0011
0
0
0
0
0
0
0
0
0
1.19953006E-07
3.00000003273858E-13
5.39880001510438E-13
5.39880001510438E-13
0.001
0
4.2E-13
0
-100
6.69419751496209E-05
6.55081595738189E-05
-100
-100
0.0003
0.0003
-0.001
3.89974E-08
2.4997E-13
0
0
0
0
0
0
-100
0
0
0
0
0
0
0
0
-100
0
0
0
0
0
0
0
0
0
0
0
0
0
0
0
0
0
0
0
0
0
0.0002
-100
0
0
0
0
0
0
0
0
0
0
0
0
0
0
0
0
0
0
0
-100
0
0
0
-100
0
0
-100
0
0
0
0
0
0
0
0
0
0
0
0
0
0
0
0
0
0
0
0
-100
0
0
0
0
0
0
0
0
0
0
0
0
0
0
0
0
0.0011
0
0
0
0
0
0
0
0
0
0
0
0
0
0
-100
0
0
0
0.0690422304636407
1.27922896623044
0.0690422447601504
0.0690422445626697
1.57363807461192E-06
-0.0269705166448968
-0.0149926012
-0.0199845057989561
0.0029998
0.0074995
0.0074995
0.00119992
-100
0
0
-100
0.00599890006
0.0009996500499976
0.000599890006
0.002399560024
0
0
0
0
0
0
0
0
0
0
0
0
0.0004
0
0
0
0
0
0
0
0
0
0
0
0
0
0
0
0
0
0
0
0
0
0
0
-100
0
0
0
-100
0
0
-100
0
0
0
0
0
0
0
0
0
0
0
0
0
0
0
0
0
0
0
0
0
0
0
0
0
0
0
0
0
0
0
0
0
0
0
0
0.0029998
0.0001
0.0001
0.00119992
0
0
0
0
0
0
0
0
1.259524048E-07
1.01025173836984E-11
3.5687922003928E-12
1.25585773470832E-11
-100
0.001199780012
9.99480048E-09
-100
0
0
0
0
0
0
0
0
0
1.1E-08
1.1E-08
0
0
0
0
0
0.001
0
0
0
0
0
0
0
0
0
0
0
-100
0
0
0
-100
0
0
0
0
0
0
0
0
0
0
0
0
0
0
0
0
0.0002
0
0
0.0140102659608154
7.1414201576556E-09
7.01476307094222E-09
6.92107147628775E-09
0.751307504344064
7.59802313807485E-08
2.1615249949157E-08
7.87364578364105E-08
0.00599660089989041
2.67825033849439E-12
2.97798039167778E-12
3.537084865916E-12
-100
0
0
0.0002
-100
0
0
0
0.0004
0
0
0
0
0
0
0
0
0
0
0
0
0
0
0
-100
0
0
0
0
0.0021
0
0
0
0
0
0
0
0
0
0
0
0
0
0
0
0
0
0
0
0.0002
0
0
0
0
0
0
0
0
0
0
0
0
0
0
0
0
0
0
0
0
0
0
0
0
0
0
0
0
0
0
0
0
-100
0
0
0
0
0
0
0
0
0
0
0
0
0
0
0
0
0
0
2E-14
0
0
2.74925E-12
1.25903527537481E-11
7.69658036000007E-12
6.89706036E-12
1.39976E-08
6.21337117629984E-16
9.82390976948976E-16
4.53415646458488E-16
-100
6.2972497181244E-07
4.19674621778078E-07
0.0029985523512578
0
0.0021
0.0021
0
0
0
0
0
0.0029998
0
0
0.0004
0
0
0
0
0
0
0
0
0
0
0
0
0.0002
0.0002
0.0002
0
0
0
0
0
0
0
0
0
0
2E-14
0
0
0
0
0
0
0
5.9996E-14
0
0
0
0
0
-100
0
0
0
0
0
0
0
0
0
0
0
0
0
0
0
0
0
0
0
0
-100
3.95147433999911E-11
1.34345828147496E-11
2.26707823229244E-11
0
0.0724944245650794
0.0557390157777016
0
0
0
0
0
-100
0
0
0
3.89974E-08
5.9996E-09
0
2.599520024E-08
0
0
0
0
0
0
0
0
0
0
0
0
0
0.0001
0
0
0
0
0
0
0
0
0
0
0
0
0
0
0
0
0
0
0.001
0
0
0
0
0
0
0
0
0
0
0
0
0
0
0
0
0.0002
0
0
0
0
0
0
2.5E-08
-0.002
0
-0.002
-100
-100
-100
-100
0
2E-09
2E-09
0
0
0.0002
0
-100
0
0
0
0
0
0
0
0
-100
0
0
0
-100
0
0
-100
-100
0
0
0
0.0002
0
0.0013
0
0
0
0
0
0
0
0
0
0
0
0
0
0
0
0
0
0
0.0024
0
0
0
0
0
0
0
0
0
0
0
0
0
0
0
0
0
0
0
0
0
0
0
0
0
0
0
0
0
0
0
0
0
0
0
0
0
0
0
0
0
0
0
0
0
0
0
0
0
0
0
0
0
0
0
0
0
0
0
0
0
0
0
0
0
0
0
0
0
0
0
0
0
0
-100
0
0
0
0
0
0.0012
0
0
0
0
0
0
0
0
0
0
0
0
0
0
0
0
0
0
0
0
0
0
0
0
0
-100
0
0
0
0
0
0
0
0
0
0
0
0
0
0
0
0
0
0
0
0
0
0
0
0
0
0
0
0
0
0
0
0
0
0.0001
0
0
0
0
0
0
0
0
0
0
0
0
0
0
0
0
0
0
0
0
0
-100
-100
-100
-100
0
0
0
0
0
0
0
-100
0
0
0
0
0
0
0
0
-100
1.53605169469992E-05
1.6802971360202E-05
-100
0
0.115223180818866
0.115223180818866
0
0
0
0
0
0
0
0
0
0
0
0
0
0
0
0
0
0
0
0
-100
0
0
0
0
0
0
0
0
0
0
0
0
-100
0
0
0
0
0.0021
0.00629958
0
0
0
0
0
0
0
0
0
0
0
0
0
-100
0.0013
0.0013
0.00059996
0
0
-100
0
0
0
0.0011
0
0
-100
0
0
-100
0
0
0
0
0
0
0
0
0
0
-100
-100
0.0011
0
0
0
0
0
0
0
0
0
0
-100
0.00629958
0.0021
0
0
0
0
0
0
0
0
0
-100
0
0
0
0
0
0
0
0
0
0
0
0
0
0
0
0
0
0
0
0
0
0
0
0
0
0
0
0
0
0
0
-100
0
0
-100
0
0
0
0
-100
0
0
0
0
0
0
0
0
0
0
0
0
0
0
0
0
0
1E-09
0
0
0
0
0
0
0
0
0
0
0
0
0
0
0
0
0
0
0
0
0
0
0
0.0011
0
-100
-100
-100
-100
0
0
0
0.0002
-100
0
0
0
0
0
0
0
0
0
0
0
0
0
0
0
0
0
0
0
0
0
0
0
0
0
0
0
0
0
0
0
0
0
0
0
0
0
0
0
0
0
0
0
0
0
0
-100
0
0
0
0
0
0
0
0
0
0
0
0
0
0
0
0
0
0.0024
0
0
0
0
0
0
0
0
0
0
0
0
0
0
0
0
0
0
0
0
0
0
0
0
0
-100
0
0
0
0
0
0
0
0
0
0
0
0
0
0
0
0
0
0
0
0
0
0
0
0
0
0
0
0
0
0
0
0
0
0
0
0
0
0
0
0
0
0
0
0
0
0
0
0
0
0
0
0
0
0
0
0
0
0
0
0
0
0
0
0
0
0
0
0
0
0
0
0
0
0
0
0
0
0
0
0
0
0
0
0
-100
0
0
0
0
0
0
0
0
0
0
0
0
0
0
0
0
0
0
0
0
0
0
0
0
0
0
0
0
0
0
0
0
0
0
0
0
0
0
0
0
0
0
0
0
0
0
0
0
0
0
0
0
0
0
0
-100
0
0
0
0
0
0
0
0
0
0
0
0
0
0
0
0
0
0
0
0
0
0
0
0
0
0
0
0
0
0
0
0
0
0
0
0
0
0
0
0
0
0
0
0
0
0
0
0
0
0
0
0
0
0
0
0
0
0
0
0
0
0
0
0
0
0
0
0
0
0
0
0
0
0
0
0
0
0
0
0
0
0
0
0
0
0
0
0
0
0
-100
0
0
0
0
0
0
0
0
0
0
0
0
0
0
0
0
0
0
0
0
0
0
0
0
0
0
0
0
0
0
0.0002
0
0
0
0
0
0
0
0
0
0
0
0
0
0
0
0
0
0
0
0
0
0
0
0
0
0
0
0
0
-100
0
0
0
0
0.0001
0
0
0
0
0
0
0
0
0
0
0
0
0
0
0
0
0
0
0
0
0
0
0
0
0
0
0
0
0
0
0
0
0
0
0
0
0
0
0
0
0
0
0
0
0
0
0
0
0
0
0
0
0
0
0
0
0
0
0
0
0
0
0
0
0
0
0
-100
0
0
0
0
0
0
0
0
0.0001
0
0
0
0
0
0
0
0
-100
0
0
0
0
0
0
0
0
0
0
0.0001
0
0
0
0
0
0
0
0
0
0
0
0
0
0
0
0
0
0
0
0
0
0
0
0
0
0
0
0
0
0
0
0
0
0
0
0
0
0
0
0
0
0
0
0
0
0
0
0
0
0
0
0
0
0
0
0
0
0
0
0
0
0
0
0
0
0
0
0
0
0
0
0
0
0
0
0
0
0
0
0
0
0
0
0
0
0
0
0
0
0
0
0
0
0
0
0
-100
0
0
0
-100
0
0
0
0
0
0
0.0001
0
0
0
0
0
0
0
0
0
0
0
0
0
0
0
0
0
0
0
0
0
0
0
0
0
0
0
0
0
0
0
0
0
0
0
0
0
0
0
0
0
0
0
0
0
0
0
0
0
0
0
0
0
0
0
0
0
0
0
0
0
0
0
0
0
0
0
0.0002
0
0
0
0
0
0
0
0
0
0
0
0
0
0
0
0
0
0
0
0
0
-100
0
0
0
0
0
0
0
0
0
0
0
0
0
0
0
0
0
0
0
0
0
0
0
0
0
0
0
0
0
0
0
0
0
0
0
0
0
0
0
0
0
0
0
