2
2
994
2
1
1
0
0
0
1
0
0
0
0
0
1
2
2
2
992
2
2
2
990
2
2
2
988
1
1
1
1
4
2
2
980
1
0
1
0
0
0
1
0
0
0
0
1
0
1
0
0
0
0
0
1
1
0
0
0
2
2
2
969
2
965
2
2
0
1
1
0
2
2
2
2
0
0
0
1
2
2
2
2
0
0
0
1
2
1
1
1
1
0
0
0
0
1
0
1
1
0
0
0
0
0
0
1
0
1
0
0
0
0
0
1
0
0
0
1
0
0
0
1
0
0
1
0
1
0
0
0
0
0
0
1
1
0
0
0
0
0
0
1
1
0
0
1
1
0
0
0
1
0
0
0
0
0
1
0
0
1
0
0
0
0
0
1
0
1
1
0
0
0
0
1
0
0
1
0
1
0
0
0
0
0
0
1
1
0
0
0
1
0
0
0
1
0
0
0
0
0
1
0
1
0
0
0
0
0
0
1
1
1
1
1
0
0
1
0
974
2
2
2
0
0
1
1
0
1
0
0
1
0
1
0
0
0
1
0
0
0
1
0
0
1
1
0
0
1
0
0
1
0
0
0
1
0
0
0
0
0
1
0
0
0
1
0
0
1
0
0
0
0
1
0
1
0
0
0
0
0
0
1
0
0
1
0
1
0
0
1
0
0
0
1
0
1
1
0
953
3
5
3
0
0
1
0
1
0
0
0
0
0
0
1
1
0
1
0
0
1
0
0
1
0
0
0
0
0
0
1
0
1
0
0
0
0
1
0
1
0
0
0
0
0
0
1
0
1
0
0
0
0
0
1
0
1
0
0
0
0
1
0
0
0
0
1
0
1
0
0
1
1
0
0
0
1
0
0
1
0
0
0
0
0
0
1
0
0
0
1
0
0
0
1
0
0
0
1
1
0
1
0
1
0
0
0
0
0
1
0
0
1
0
0
1
0
0
0
0
0
0
1
5
954
8
2
1
1
2
1
0
1
0
0
0
1
0
0
0
0
0
1
0
1
0
1
2
3
2
2
1
0
1
0
0
1
0
0
1
0
1
1
0
1
0
0
0
1
0
0
0
1
0
0
0
0
0
1
1
0
0
0
0
1
0
1
1
0
0
0
0
1
0
0
0
0
0
1
0
1
0
0
0
1
1
0
0
0
1
0
0
1
0
0
1
0
0
0
0
1
0
0
0
0
1
0
0
0
0
1
1
1
1
0
0
0
1
1
1
0
1
1
1
1
1
1
1
0
1
1
1
0
0
1
1
1
0
0
0
0
1
0
0
0
0
1
0
1
0
0
0
0
1
0
0
0
0
1
0
0
1
0
0
0
1
0
0
0
1
0
0
0
1
0
0
0
1
0
0
0
0
1
0
0
1
0
0
1
0
0
1
2
2
1
0
0
0
1
1
1
1
1
1
1
1
0
0
1
0
1
1
0
0
0
0
0
1
1
1
1
1
1
0
1
0
0
0
0
0
1
0
1
1
0
0
0
0
1
0
1
0
0
0
0
1
0
0
0
0
1
0
0
1
0
0
0
0
1
0
0
1
0
1
0
0
0
0
1
0
0
0
0
0
1
1
0
1
1
2
946
2
2
1
1
1
1
1
0
1
1
0
0
1
0
0
0
0
1
1
0
0
0
0
0
0
1
1
0
0
0
0
0
1
0
1
0
0
0
1
1
1
0
0
0
1
1
0
0
1
0
0
1
0
0
0
0
1
0
1
0
0
0
0
0
1
0
0
0
0
1
0
0
0
1
0
1
0
0
1
0
0
0
1
0
0
0
0
1
0
0
1
0
0
0
1
0
0
1
0
0
0
1
0
1
0
0
0
0
0
1
0
1
0
0
0
1
0
0
0
1
0
0
1
0
0
0
0
0
0
1
0
0
0
1
0
0
1
0
0
0
1
0
0
0
0
1
0
1
0
0
0
0
1
0
0
0
0
1
1
0
0
0
0
0
1
0
0
0
0
1
1
0
0
0
0
1
0
0
0
0
1
0
0
1
0
0
0
0
1
0
0
1
0
0
1
1
1
0
0
1
0
0
0
0
0
1
1
0
0
0
1
0
0
0
0
1
0
0
0
1
0
0
0
0
1
0
1
0
0
0
0
0
0
1
0
0
1
0
237
237
236
236
0
0
0
1
0
1
0
0
1
0
0
0
0
0
0
1
0
0
0
1
0
0
1
0
1
0
0
0
1
0
0
0
0
1
0
0
0
1
0
0
0
0
0
1
0
0
0
1
0
0
1
0
1
0
0
0
0
1
0
0
0
1
0
0
0
1
0
0
0
0
1
0
1
0
0
0
1
0
0
1
1
0
1
0
0
0
0
1
0
0
0
1
1
0
0
0
0
0
0
1
0
1
0
0
1
0
0
0
0
1
0
0
0
0
1
0
0
1
0
0
0
1
0
0
1
0
0
0
70
56
50
60
0
0
1
0
0
0
1
0
1
0
0
0
0
0
1
0
0
0
1
0
0
1
0
0
0
0
1
0
0
0
0
1
51
73
58
55
76
48
62
50
50
58
66
62
