0
0
2.000000011E-06
0
0
0
0
0
0
0
0
0
0
0
0
-100
0
4E-16
4E-16
0.000200000001100001
0
4E-10
4E-10
0.0200000001100001
0
0
0
2.00000001100001
0
-100
-100
0
0
-100
-100
1.10000109093154E-06
0
0
0
0
0
0
-100
0
0
0
0
0.0002
0
0
0
0
0
0
0
-100
0
0
0
0
0
2.2E-10
0
0.0110000109082147
0
1.10000109077096
0.000329978
0
0
0
0
0
0
0
0
0
0
0
0
0
0
0
0
0
0
0
0
0
0
0
1.3E-09
0
-100
0
0
0
0
0
0
0
0
0
0
0
0
0
0
0
0
0.00011
0
0
0
0
0
0
0
0
0
0
0
0
0
0
0
0
0
0
0
0
0
0
0
0
0
0
0
0
0
0
0
0
0
-100
0
0
0
0
0
0
0
0
0
0
0
0
0
0
0
0
0
0
0
0
0
0
0
0
0
0
0
0
0
0
0
-100
0
0
0
0
-100
0
0
0
0
0
0
0
0
0
0
0
0
0
0
0
0
0
0
0
0
0
0.0001
0
-100
0
0
0
0
0
0
-100
0
-100
-100
0
0
0
-100
0
0.000110000109087497
-100
-100
0
0
0
0
0
0
0
0
0
0
0
0
0
0
0
0
0
0
0
0
0
0
0
0
0
0
-100
0
0
0
0
0
0
0
0
0
0
0
0
0.00011
0
0
0
0
0
0
0
0
0
0
0
0
0
0
0
0
0
0
0
0
0
0
0
-100
0
0
0
0
0
0
0
0
0
0
0
0
0
0.0109067813879306
0
0
0
0
0
0
0
0
0
0
0
0
0
0
-100
0
0
0.00011
0
0
0
0
0
0
0
0
0
0
0
0
0
0
0
0
0
0
0
0
0
0
0
0
0
0
0
0
0
0
-100
0
0
0
0
0
0
0
0
0
0
0
0
0
0
0
0
0
0
0
0
0
0
0
0
0
0
0
-100
0
0
0
0
0
0
0
0
0
0
0
0
0
0
0
0
0
0
0
0
0
0
0
0
0
0
0
0
0
0
0
0
0.0001
0
0
0
0
0
0
0
0
0
0
0
0
-100
0
0.000109072333686772
0
0
0
0
0
0
0
0
0
0
0
0
0
0
0
0
0
-100
0
0
0
0
0
0
0
0
0
0
0
0
0
0
0
0
0
0
0.0002
0
0
0.0002
0
0
0
0
0
0
0
0
0
0
0
0
0
0
-100
0
0
0
0
2E-10
0
0
-100
0
0
0
0
0
0
0
0
0
0
0
0
0
0
0
0
0
0
0
0
0
0.0001
0
0
0.0015
0
0
0
0
0
0
0
0
0
0
0
0
0
0
0
0
0
-100
0
0
0
0
0
0
0
0
0
0
0
0
0
0
0
0
-100
0
0.0002
0
-100
0
0
-100
0
0
0
0
0
0
0
0
0
0
0
0
0
0
0
0
0
0
0
0
0
0
0
0
0
0
0.0002
0
0
0
0
0
0
0
0
0
0
0
0
0
0
0
0
0
0
0
0
0.0004
0
0
0.0011
0
0
0
0
0
-100
0
0
-100
0
0
0
0
-100
0
0
-100
-100
0
0
0
0
0
0
-100
-100
0
0
0
0
0
0
0
0
0
0
0
0
0
0
0
0
0
0
0
0
0.0013
0.0013
0
0
0
0
0
0
0
0
0
0
0
0
0
0
0
0
0
0
0
0
0
0
0
0
0
0
0
0
0
0
0
0
0
0
0
0
0
0
0
0
0
-100
0
0.0013
0
0
1.09063542733657
0.000329978
0
0
0
0
0
0
0
0
0
0
0
0
0
0
0
0
0
-100
0
0
0
0
0
0
0
0
0
0
0
0
0
0.0002
0
-100
0
0
0
0
0
0
0
0
0
0.0001
-100
0
0
0.0002
0
0
0.0002
0
0
0
0
0
0
0
0
0
0
0
0
0
0
0
0
0
-100
0
0
0
0
0
0.0002
0
0
0
0
0
0
0.0006
0
0
0
0
0.0011
0
0
0
0
0
0
0
0
0
0
0
0
0
0
0
0
0
0
0
0
0
0
0
0
0
0
0
0.0002
0
0
0
0
0
0
0
0
0
0
0
0
0
0
0
0
0
-100
0
0
1.3E-15
0
0
0
0.0001
0
0
0
0
0
0
0
0
0
0
0
0
0
0
0
0
0
-100
0
0
0
0
0
1.3E-15
0
0
0
0
0.0002
0
0
0
0
0
0.0006
0
0
0
0
0
0
0
0
0
0
0
0
0.0011
0
0
0
0
0
0
0
0
0
0
0.0001000013
0
0
0
0
0
0
0
0
0
0
0.001
0
0
0
0
0
0
0
0
0
0
0
0
0
0
0
0
0
0
0
0
0
0
0
0
0
0
0
-0.941685015835773
-0.941655843757652
-0.940269400630721
-0.940269400630721
0
0
0
-100
0
0.0015
0
0
0
0
0
0
0
0
0
0
0
0
0
0
0
0
0
0
0
0
0
0
0
0
0
0
0
0
0
0
0
0
0
0
0
0
0
0
0
0
0
-100
0
0
0
0
0
0
0
0
0
0.0001
0
0
0
0
0
0
0
0
0
0
0
0
0
0
-100
0
0
0
0
0
0
0
0
0
0
0
0
0
0
0
0
0
0
-100
0
0
0
0
0
0
0
0.0004
0
0
0
0
0
0
0
0
0
0
0
0
0
0
0.0011
0
0
0
0
0
0
0
0
0
0
0
0
0
-100
-100
-100
-100
0
0
0.0002
0
0
0
-100
0
0
0
0
0
0
0
0.0002
0
0
0
0
0
0
0
0
0
0
0
0
0
0
0
0
-100
-100
-100
-100
-100
-100
-100
-100
-100
-100
-100
-100
-100
