9.54094232081299E-09
1.60329297806306E-07
0.0200036940309426
1.58891401135739E-07
0
1.65567075297362E-06
7.06034431871131E-07
2.21303811887221E-06
0
-0.003
-0.003
0
-100
-100
-100
-100
0.200043971837069
1.37468179509083E-06
1.36035307485845E-06
1.37131352887818E-06
1.66149891811595E-09
0.000300194304890101
0.000324766235733115
0.000295518726611038
0
8.48559481034893E-07
4.6135989976239E-07
0
-100
0.0029983004499452
7.19718036E-08
-100
-100
-100
-100
-100
1.29942082995966E-05
4.44869193632299E-15
5.14704488432245E-15
0.085216919410336
3.48853668330578E-12
-100
-100
2.550152E-17
9.897140264E-09
-100
-100
1.64978E-13
7.198980036E-08
0.0019993000999952
2.399660012E-08
0.001199780012
0
1.8E-08
0
0
-100
0.00179988
0
-100
0
0
0.0008
0
0
0
0
0.0008
0
0
0
0.0002
0
0
0
0
0
0
0
0
0
0
0
0
0
0
0
0
0
0
0
0
0.0029998
0.000200026
0.0001
0
0
0
0.0014
0
0
0
0
0
0
0
0
0
0
0
0
0
-100
0
0
-100
0
0
2.93569897714456E-15
2.0005181921288
0.00616701160964428
-1.24121759794816
-1.24121759794816
3.60893955100936E-20
0
-100
-100
1.9776304438E-17
0
-100
-100
5.5E-14
0
-100
0.00718933684243438
0
0.00119992
0.00119992
0.001199920000022
-100
0
0
1.1E-09
0
0
0
0.00011
0
0
0
0
0
0
0
0
0
0
0
0
0
0
0
0
0
0
0
0
0
0
0
0
0
0
0
0
0
0
-100
0
0
4.6167887392E-18
-100
-100
0
0
-100
-100
2.2E-14
1.91899834793736E-07
0.00419650146967524
1.83849326803882E-07
0.00419650146967524
5.72E-18
-0.0767365306042896
-0.0896367731145041
0
-100
-100
-100
-100
0
-100
-100
0
0
-100
-100
4.29E-13
0
-100
-100
0
0
-100
-100
0
0
0
0.00011
0
0
0
0
0
0
0
0
0
0
0
0
0
0
0
0
0
0
0
0
0
-100
0.0002
0.0013
0
0
-100
-100
0
0
0
0
0
0
0
0
0
0
0
0
0
0
0
0
0
0
0
0
0
0
0
0
0
5.99890006E-08
1.019780012E-12
2.99972E-13
7.298440084E-13
0
2E-09
2E-09
0
-100
0.00029998
0.0011997980108
9.9988E-09
-100
0.0002
0
0
8.8E-14
-100
-100
0
0
0
0
0
0
0
-100
0
0
0
0
0
0
0
0
0
0
0
0
0
0
0
0
0
0
0
0.0013
0
0
-100
0
0
1.01026112534248E-12
-0.0896367731145041
-0.0767365306042896
0
0.00059996
0.00059996
0.001199798012
0.001199780012
-100
0.0006
0
-100
0
-100
-100
0
0
0
0
0
0
0
0
0
0
0
0
0
0
0
0
0
0
0
0
0
1.34824507653725E-06
5.36429837456325E-10
4.88106301461882E-11
4.60740163093408E-10
0
0
0
-100
0
0
0
0
0
0.0001
0.0001
0
0
0.0013
0.0013
0
0
0
0
0
0
0
0
0
0
0
0
0
-100
0
0
0
0
0
-100
0
0
0
0.00011
0
0
0
0
0
0
0
0
0
0
0
0
0
0
0
0
0
0
0
0
0
0
0.0002
0
0
0
0.0001
0
0
0
0
0
0
0
0
0
0
0
0
0
0
0
0
0
-100
0
0.00011
0.00011
0
2.2E-09
0
0
0
0
0
0
0
2.79921035133552E-12
3.67450351326011E-20
3.21593129862161E-16
2.63940716846435E-16
0
0
0
0
1.65453680361128E-11
1.74572741652036E-11
1.29783873612796E-11
4.60846378210097E-12
9.79832E-08
1.699788024E-08
1.099976E-08
3E-09
0
0.000100012
0.0001
3.2E-08
0
0
0
0
0
0
0
0
0
0
0
0
0
0
0
0
-100
0
0
0
0
0.0011
0
0
0
0
0
0
0
0
0
0
0
0
0
0
-100
0
0
-100
0
0
0
0
-100
0
0
-100
-100
0
0
-100
0
-100
-100
0
4.4E-09
-100
-100
4.4E-14
0
1.1E-09
0
1.1E-09
0
0.00603549994765519
0.00723886089771302
1.97785226015758E-16
0
1.95593181525368E-12
1.18725106632E-12
0
0
0
0
0
0
0
0
0
0
0
0
0
0
0
0
0
0
0
0
0
0
0.0015
0
0
0
0
0
0
0
0
0
0
0
0
0
0
0.001
0
0
0
0
0
0
0
-100
0
0
-100
0
0.00179988
0.0011998100084
0
0
0
-100
-100
0.0741744060615645
-100
-100
1.51991438560534E-08
0
3.17926543298275E-06
2.45236532692037E-06
3.13881909306397E-06
7.69868E-09
1.1700009E-31
0
0
0
0
0
0
0
0
0
0
0
0
0
0
0
0
0
0
-100
0.0001
0
0
-100
0
0.0002
-100
0
-100
0
0
0
0
0.00011
0
0
0
0
0
0
0
0
0
0
0
0
0
0
0
0
0
0
4E-09
0
0
0
0
0
0
0
0
0
0
0
0
0
0
0
0
0
0
0
0
0
-100
0
0.0011
0
0
0
0
0
0
0
0
0
0
0
0
0
0
0.0006
0.0002
0
0
0
0
0
0
0
0
0
0
0
0
0
0
0
0
0
0
0
0
0
0
0
0
0
0
0
0
0
0
-100
0
0
0
0
0
0
0
0
0
0
0
0
0
0
0
0
0
0
0
0
0
0
0
0
1E-14
0
0
0
0.0013
0
0
0
0
0
0.0002
0
0
0
0
0
0
0
0
0
0
0
0
0
0
0
0
0
0
0
0
0
0
0
0
0
0
0
0
-100
0
0
-100
-100
0
0
0
0
0
0
0
0
0.0001
0
0
0
0
0
0
0
0
0
0
0
0
0
0
0
0
0
0
-100
0
0
-100
-100
0
0
-100
0
0
0
0
0
0
0
0
0
0
0
0
0
0
0
0
0
0
0
0
0
0
0
0
0
0
0
0
0
0
0
-100
0
-100
-100
0
0
2.2E-09
0
2.2E-09
0
0
0
0
0
0
0
0
0
4.00004E-19
4.00004E-19
4.00004E-19
4.98502871297443E-08
1.77774044587089E-12
3.69609610816795E-13
-100
6E-08
8.89630261297068E-08
7.89725436618108E-08
1.03957226539701E-07
0
0
0.0013000059996
0
-100
0.00029998
0.00059996
-100
0
0
0
0
0
0
0
0
0
0
0
0
0
0.0002
0
0
0
0
0
0
0
0
0
0
0
0
0
0
0
0
0
0
0
0
0
0
0
0
0
0
0
0
0
0
0
0
0
0
0
0
0
0
-100
0
0
0
0
-100
-100
0
3.3E-09
-100
-100
0
0
0.00011
0
0
0
0
0
0
0
0
0
0
0
0
0
0
0
0
0
0
0
0
0
0
-100
0.0002
0.0013
0
0
0
0.0001
0
0
0
0
0
0
0
0
0
0
0
0
0.001
0
0
0
0
0
0
0
0
0
0.0008
0
0
0.0002
0
0
0
0
0
0
0
0
0
0
0
0
0
0
0
0
0
0
0
0
0
0
0
1.43886257707242E-07
2.13028773832098E-06
2.01340645809562E-06
1.93553112878071E-06
0
0
0
0
0
0
0
-100
0
0
0
0
0
0
0
0
0
0
0
0
0
0
0
0
0
0
0
0
0
0
0
0
0
0
0
0
1E-08
0
0
0
0
0
0
0
0
0
0
0
0
0
0
-100
0
0
0
0
0
0
0
0
0
0
0
0
0
0
0
0
0
0
0
0
0
6.33770986156005E-17
1.39976E-17
7.89651532062777E-17
0
0
0
0
0
0
0
0
0
0
0
0
-100
0
0
0
0
0.00011
0
0
1.1E-09
0
0
0
0
0
0
0
0
0
0
0
0
0
0
0
4.26057547664195E-11
2.00026E-14
2E-14
-100
0
0
0.0014
0
0.0002
0
0
0
0
0
0
0
0
0
0
0.0004
0
0
0.0021
0
0
0
0
0
0
0
0
0
0
0
0.00011
0
0
0
0
0
0
0
0
0
0
0
0
0
0
0
0
0
0.001
0
0
0
0
0
0
0
0
0
0
0
-100
0
0
0
0
0
-100
0
0
0
0
0
0
0
0
0
0
0.00011
0
0
0
0
0
0
7.59857531351048E-08
2.85926504572868E-12
2.3992400135231E-13
2.17996098515321E-12
0
0
0
0.0004
0
0
0
0
0
0
0
0
0
0
0
-100
5.49934E-09
-100
-100
0
0
0
0
0
0
0
0
0
0
0
0
0
0
0
0
0
0
0
0
0
0
0
0
0
0
0
0
2.00002E-09
0
0
0.0001
0
0
0
0.0013
-100
0
0
0
0
0
0
0
0
0
0
0
0
0
0
0
0.0002
0
0
0.0021
0
-100
0
0
0
0
-100
-100
0
0
0
-100
0
-100
-100
-100
-100
0
0
0
0
0
0
0.00011
0
0
0
0
0
0
0
0
0
0
0.00011
0.00011
0
0
0
0
0
0
0
0
0
1.9994E-08
4.99964E-09
8.997960144E-09
4.9997799300084E-09
0
6.99916E-08
0.0001000199976
6.99916E-08
-100
-100
0.00419973
-100
0.0005
0
0.0005
0.0005
0
0
0
0
0
0
0
0
0
0
0
0
0
0
2.1E-08
-100
0
0.0021
0.0021
0
0
0
0
0
0
0
0
0
0
0
0
0
0
0
0
0
0
0
0
0
0
0
0
0
0
0
0
0
0
0
0
0
0
0
0
0
0
0
0.0001
0
-100
0.0013
0.0013
-100
0.0024
0.0006
0
-100
0
0
0.0008
0
0
0
0
0
0
0
0
0
0
0
0
0
0
0
0
0
7.9994E-09
4E-14
2.86880879025128E-12
3.9996759976E-13
0
0
0.0001
0
0
0
0
0.0004
0
0
0
0
0
0
0
0
0
0
0
0
0
0
0
0
0
0
0
0
0
0
0
0
0
0
0
0
0
0
0
0
0
0
0
0
0
0
0
0
0
0
0
0
0
0
0
0
0
0.0014
0
0
0
0
0
0.0002
0
0
0
0
0
0
0
0
0
0
0
0
0
0
0
0
0
0.0021
0.0011
0
0
0
0
0
0
0
0
0
0
0
3.29978E-09
3.29978E-09
0
0.000329978
0.00011
0
0
0
0.00011
0
0
0
0
0
0
-100
-100
0
0
-100
-100
0
0
0
-100
0
0
0
0
0
0
0
0
0
0
0
0
0
0
0
0
0
0
0
0
0
0
0
0
0
0
0
0
0
0.001
0
0
0
0
0
0
0
0
-100
0
0
0
0.00011
0.00011
0
0
0
0
0
0
0
0
0
3E-09
8.79944E-08
0.000199988
1.7997500084E-07
0
0.0016
0.0014
-100
0
0
0.0005
0
0
0
0
0
0
0
0
0
2.3E-08
0
0
0
0
0
0
0
0
0
0
0
0
0
0
0
0
0
0
0
1.1E-09
0
0
0
0
0
0
0
0
0
0
0
0
0
0
0
0
0
0
0
0
2E-09
0
0
0
0.0002
0.0002
0
0
0.0002
0.0002
0
0
0
0
0
0
0
0
0
0
0
0
0
0
0
0
0
0
0
0
0
0
0
0
0
0
0
0
0
0
0
0
0
0
0
0
0
0
0
0
0
0
0
0
0
0
0
0
0
0
0.0002
0
0
-100
0
0
0
0
0
0
0
0
0
0
0
0
0
0
0
0
0
0
0
0
0
0
0
0
0
0
0
2E-09
0
0
0
0
0.0001
0
0
-100
0
0
-100
0
0
0
0
0
0
0
0
0
0
0
0
0
0
0
4.00004E-24
0
3.29914044772005E-12
3.29914044772005E-12
1.50000000012796E-12
0
0
2.00001E-14
0
0.001
0
0
0
-100
0
0
-100
0
0.00011
0.00011
0
0
0
0
0
0
0
0
0
2.59916E-13
6.29569949758732E-12
4.49849610011164E-12
7.79875535833248E-13
6.99882598180312E-08
3.81906956459232E-12
3.19954945823767E-12
4.95760860458107E-12
0
0
0.0002
0
0
0.0002
0
-100
0
-100
0
0
0
-100
0
0
0
0
-100
0
0
0
0
0
0
0
0
0
0
0.00011
0
0
0
0
0
0
0
-100
0
0
0
0
0
-100
0
0
0
0
0
0
0
0
0
0
0
0
0
2.599688E-17
3.979508E-17
0
0
4.999959968E-09
0
0
0.001
0
0
0
0
0
0
0
0
0
0
0
0
0
0
0.0002
0
0
0
0
0
0
0
0
0
0
0
0
0.0006
0
0.0006
0.0016
0
0
0
0
0
0
0
0
0
0
0
0
0
0
0
0
0
0
0
0
1E-08
0
0
-100
0
0
0
0
0
0
0
0.0002
0
0
0
0
0
0
0
0
-100
0
0
0
0
0
0
0
0
0
0
0
0
0
0
0
0
0
0
0
0
0
0
0
0
0
0
0
0
0
0
0
-99.98
0.0001
0.000200002
2E-09
0
0
0
0
0
0
0
0
0
0
0
0
0
0.0013
0
0
-100
0
0
0
0
0
0
0
0
0
0
0
0
0
0
-100
0
1.600016E-23
0
0
0
0
0
0
0
3.2992700519988E-08
3.199340036E-08
1.39988E-08
-100
0.00059996
0.0002
-100
0
0
0
0
0
0
0
0
3E-08
7.7994859996E-13
0
0
0
0
0
0
0
0
0
0
0
0
0.0001
0
0
0
0
0
0
0
0
0
0
0
0
0
0
0
0
-100
-100
0
0
0
0
0
0.0004
0
0
0
0
0
0
0
0
0
0
0
0
0
0
0
0
0
0
2E-09
0
2.00002E-09
0
0.0002
0.0001
-100
0
0
0
0
0
0
0
0
0
0
0
0
0
0
0
0.0002
0
0
0
-100
0
0.00011
0.00011
0
0
0
0
0
0.001
0
0
0
0
0
1E-08
0
0
0
0
0
0
0
0
0
0
0
0.0011
0
0
0
0
0
0
0
0
0
0
-100
0
-100
0
0
0
0
0
0
0
0
0
0
0
0
0
0
0
0
0
0
0
0
0
0
0
0
-100
0
0
0
0
0
0
0
0
0
0
0
0
0
0
0
0
0
0
0
0
0
0
0
0
0
0
0
0
0
0
2E-09
0
0
0.0002
0
0
0
0
0
0
0
0
0
0.001
0
0
0
0
0
0
0
0
0
0
0
0
0
0
0
0
0.00011
0
0
0
0
0
0
0
0
0
0
0
0
0
0
0
0
0
0
0
0
0
0
0
0
0.0002
0
-100
0
0
0
0
0
0
0
0
0
0
0
0
0
2.00001E-09
1E-09
-100
0.000200001
0.0001
0
0
0.0001
0.0002
-100
0
0
0
0
0
0
0
0
0
0
0
0
0
0
0
-100
4.59323552437414E-12
0
0
8.35439944059534E-16
0
0
0
0
-100
0
0
0
3.599235992E-18
3.1200024E-22
5.45906819928E-22
3.1200024E-22
0
0
0
0
0
0
0.0001
0
0
0
0
0
0
0
0
0
0
0
0
0
0
0
0.0011
0
0
0
0
0
0
0
0
0
0
0
0
0
0
0
0
0
0
0
0
0
0
0
0
0
0
0
0
0
0
0
0
0
-100
0
0
0
0
0
0
0
0
0
0
0
0
0
0
0
0
0
0
0
0
0
0
0
0
0
0
0
-100
0
0
0
0
0
0.0002
0
0
0
0
0
0
0
0.00011
0
0
0
0
0
0
0
0
0
-100
0.000200001
0.001300001
5.9996E-09
0.0002
0
0
0
0
0
0
0
0
0
0
0
0
-100
0
0
0
0
0
0
0
0
0
0
0
0
0
0
4.5E-08
0
0
5.9996E-14
0
0
0
0
0
0
0
0
0
0
0.000200002
0
-100
0.0002
0.0002
0
0
0
0
0
0
0
0
0
0
0
0
0
0
0
0
-100
0
0
0
0
0
0
0
0
0
0
0
0
0
0
0
2E-09
0
0
0
0
0
0
0
0
0
0
0
0
0
0
0
0.0004
0
0
0
0
0
0
0
0
-100
0
0
-100
0
0
0
0
0
0
0
0
0
0
0
0
0
0
0
0
0
0
0
-100
0
0
0
0
0
0
0
0
0
0
0
0
0
0
0
0
-100
0
0
0
0
0
0
0
0
0
0
0
0
0
0
0
0
0
0
0
0
0.0001
0
0
0
0
0.0013
0
0
0
0
0
0
0
0
0
-100
0
0
0
0
0
0
0
0
0
0
0
0
0
0
0
0
0
0
0
0
0
0
0
0
0
0
0
0
0
0
0
0
0
0
0
0
0
0
0
0
0
0
0.0004
0
0
0
0
0
0
0
0.0012
0
0
0
0
0
0.0011
0
0
0
0
0
0
0
0
0
0
0
0
0
0
0
0
0
0
0
0
0
0
0
0
2.600002E-13
-99.9799999999995
0
0
0
0
0
0
0
0
0
0
0
0.0002
-100
0
0
0
0
0.0002
0
0
0
0
0
0
0
0
0
0
0
0
0
0
0
0
0
0
0
0
0.0002
0
0
0
0
0
0
0
0
0
0
0
0
-100
0
0
0
0
1.1E-09
0
0
0
0
0
0
0
0
0
0
0
0
0
0
-100
0
2.00002E-09
0
0
0
0.000100002
0.000200002
4E-09
0
0
0
-100
0
0
0
0
0
0
0
0
0
0
0
0
0
0
0
0
0
0
0
-100
0
0
0
0
0
0
0
0
0
0
0
0
0
0.0001
0
0
0
0
0
0
0
0
0
0
0
0
0
0
-100
0
0
0.0002
0
0
0
0
0
0
0
0
0
0
0
0
0
0
0
0
0
0.0001
0.0003000189974
0
-100
0.0013
0.0013
-100
0
0
0
0
0
0
0
0
0
0
0
0
0
0
0
0
0
0
0
0
-100
0
0
0
0
0
0
0
0
0
0
0
0
0
0
0
0
0
0
0
0
0
0.0001
-100
0
0
0
0
0
0
0
0
0
0
0
0
0
0
0
0
0
-100
0
0
7.89477548091736E-14
0.136822961405201
0.901557485852758
5.08843040338335E-09
1.74655404471228E-11
2.15716164833972E-17
2.75565144224532E-17
2.2908426742189E-20
1.39957196360624E-13
5.40012472355875E-17
3.60047974123684E-18
5.40014551491955E-17
-100
0.00129958403080008
0.00119980400860012
2.19976E-08
-100
0.001199780012
0.00059996
-100
0
0
-100
0
0
0
0
0
0
0
0
0
3.89843232193161E-08
1.42770149191298E-12
1.200156E-18
4.9318555866252E-12
0
0
0
0
0
0.0001
0
0
0
0
0
0
0
0
0
0
0
0
0
0
-100
0
0
0
0
3.1200024E-27
0
0
0
0
0
0
0
0
0
0
0
0
0
-100
0
0
0
0
0
0
0
0
0
0
0
0
0
0
0
0
0
0
0
0
0.001
0
0
0
0
0
0
0
0
0
0
0
0
0
0
-100
0
0
0
0
0
0
0
0
0
0
0
0
3.75208300940799E-09
-0.000197053910051132
-0.000297809520033671
1.34807191289325E-14
0
0
0
0
0
0
0.0013
0
0
0
0.0002
0
0
0
0
0
0.001
0
0
0
0
0
0
0
0
0
0
0
0
0
0
0
0
0
0.00011
0
0
0
0
0
0
0
0
0
0
0
0
0
0
0
0
0
1.4E-13
0
0
0
0
0
0
0
0.001
0
0.0014
0
0
0
0
0
0
0
0
0
0
0
0
0
0
0
0
0
0
0
0
0
0
0
0
0
0
0
0
-100
0
2.2E-09
1.1E-09
0
0
0.00011
0.00011
0
0
3.900003E-18
3.900003E-18
7.800006E-18
0
0
0
0
0
0
0
0.0002
0
0
0
0
0
0
0
0
0
0
0
0
0
0
0
0
0
0
0
0
0
0
0
0
0
0
0
0
0
0
0
0
0
0
0
0
0
0
0
0
0
0
0
0
0
0
0
0
0
0
0
0
1E-08
0
0
0
0
0
0
0
0
0
1.3E-08
0
0
0.0013
0.0013
0
-100
0
-100
-100
0
0
0
0
0
0
0
0
0
0
0
0
0
0
0
0
0
0
0.0001
0
0
0
0
0
0
0
0
0
0
0
0
-100
0
0
0
0
0
0
0
0
0
0
0
0
0
0
0
0
0
0.0013
0
0
-100
0
0
-100
0
0
0
0
0
0
0
0
0
0
0
0
0
0
0
0
0
0
0
0
3.77947881776E-12
3.4932627179197E-12
2.4988036E-12
1.8099360048E-12
0
0.00011
0.00011
0
0
0
0
0
0
0
0
0
-100
-100
-100
-100
0
0
0
0
0
0
0
0
0.001
0.0002
0.0001
0
0
0
0
0
0
0
0
0
0
0
0
0.0002
0
0
0
0
-100
0
0
0
0
0
0
0
0
0
0
0
0
9.59936E-08
0
4.499704E-08
0.001
0
0
0
0
0
0
0
0
0
0
0
0
0
0
-100
0
0
0
0
0
0
0
0
0
0
0
0
0
0
0
0
0
0
-100
0
0
0
0.00011
0
0
0
0
0
0
0
0
0
0
-100
0
0
3.42354093137946E-20
3.34550717196662E-07
8.96766415038922E-16
1.11027556611084E-15
7.7994859996E-13
5.9982E-13
9.997E-13
9.997E-13
0
3.8997429998E-08
2.600002E-08
1.2997409998E-08
0
0
-100
0
0
0
0
0
0
0
0
0
0
0
0
0
0
0
0
0
0
0
0
0
0
0
0
0
0
0
0
0
0
0.00011
0
0
0
0
0
0
0
0
0
-100
0
0
0
0
0
0
0
0
0
0.0017
0
0
0
0
0
0
0
0
0
0
0
0
0
0
0
0
2.1E-08
-100
2.42932082953904E-06
1.34049150596128E-17
1.37691012868706E-17
1.44798534418123E-09
-0.0119953006
-0.005
0
-0.0119953006
-100
-100
-100
-100
0
0
0
0
0
0
0
0
0
0
0
0
0
2E-09
1E-09
0
-100
0.0016
0.0014
-100
0
0
0
0
0
0
0
0
0
0
0
0
0
0
0
0
3.998826997E-08
0
0
4E-14
0
0
0
0
0.001
0
0.0013
0
0
0
0
-100
0
0
0
0
0
0
0
0
0
0
0
0
0
0
0
0
0
0.0013
0
0
0
0
0
0
0
0
0
0
0
0
0
0
0
0
0
0
0
0
0.0021
0
0
0
0
0
0
0
0
0
0
0.00011
0
0
0
0
0
0
0
0
0
0
0
0
0
0
0
0
0
0
0.001
0
0
0
0
0
0
0
0
0
0
0
0.001
0
0
0
0
0
0
0
0
0
0
0
0
0
0
0
0
0
0
0
0
0
0
0.0002
0
0
0
0
0
0
0
0
0
0
0
0
-100
0
0
0
0
0
0
0
0
0
0.0004
0
0
0
0
0
0
0
0
0
0
0
0
0
0
0
0
-100
4.44575393555883E-19
3.57836195630609E-15
3.62150478604334E-19
4.91625497481014E-15
1.2000044991E-12
3.30288249207589E-16
4.04940710714048E-16
1.882864223045E-16
3E-08
9.998200072E-09
4.2E-13
1.79874591297039E-07
0
0
0
0
-100
0.009598240096
0.0089983540888
-100
0
0.0002
0
0.000400002
0.0002
0
0
0
0.001
0
0
0
0
0.0021
0
0
0
0
0
0
0
0.001
0
0
0
0
0
0
0
0
0
0
0
0
0.0002
0
0
0
0.0002
0
0
0
0
0
0
0
0
0
0
0
0
0
0
0
0
0
0
0
0
0
0
0
0
0
0
0
0.0014
0
0
0
0
-100
0
0
0
1.600016E-23
0
0
0
0
0
0
0
0
-100
0
0
0
0
0
0.0011
0
0
0
0
0
0
0
0
0
0
0
0
0
0
0
0
0
0
0
0
0
0
0
0.0015
0
0.0004
0
0
0
0
0
0
0
0
0
0
0.0004
0
0.0021
0.0021
0
0
0
-100
0
0
0
0
0
0
0
0
0
0.001
0
0
0
-100
0
0
0
-100
0
-100
0
0
0
0
0
0
0
0
0
0
0
0
0
0
0
0
0
0
0.0001
0
0
-100
0.00059996
0.0002
-100
0
0
0
0
0
0
0
0
0
0
0
0
-100
0
0
-100
1.299844E-12
0
4E-14
0
0
3.998826997E-08
4.1999749940006E-08
0
0.0019986062376
0.0002000989829009
0.0006000469829009
7.03739231678848E-07
9.99334193574322E-18
5.63544301977323E-16
1.38866715404804E-16
1.64955035964095E-16
0
0
0
0.0004
0
0
0
0
0
0
0
0
0
0
0
0
0
0
0
-100
0
0
0
0
0
0
0
0
0
0
0
0
0
0
0
0.0002
0
0
0
0
0
0
0
0
0
0
0
0
-100
0
0
-100
0
0
0
0
-100
0.0002
0.0002
-100
0
0
0
0
-100
0
0
0
0
0
0
0
-100
0
0
0
0
0
1.1E-14
0
0
0
0
1.1E-09
0
0
0
0
0
0
0
0
0
0
0.0013
0
0
0.0001
0
0
0
0
0
0
0
0
0
0
0
0
0
0
-100
0
0
0
0
0
0
0
0
0
0
0
2.00002E-14
0
0
0
0
0
0
0
-100
0
0
0
0
0
0
0
0
0
0
0
0
0
0
0
0
0
0
0
0
0
0
0
0
0
0
0
0
0
0
2.00026E-09
0
0
0
-100
0
0
0
0
0
0.0001
0
0
0
1E-08
0
0
-100
0
0
0
3.49643734053556E-12
4.47324296383719E-20
9.48409177602108E-17
1.69457615260672E-15
2E-08
7.798570078E-08
2.59922E-08
1.6197610078E-07
0.001
0.001
0
0
0
0
0
0
0
0
-100
0
0
0
0
0
0
0
0
0
0
0
0
0
0
0
0.0013
0
0
0
0
0
0
0
0
0
0
0
0
-100
-0.142068986703019
-0.13713755548076
-0.113417377330514
-0.146012159108338
0
0.00011
0.00011
0
0
0
1.3E-18
0
0
0
2E-09
1.99988E-09
0
0
0.0014
0
0
0.0001
0
0
0
0
0
0
0
0
0
0
0.001
0
0
0
0
0
0
0
0
0
0
0
0
0
0
0
0
0
0
0
2.6E-08
8.99948E-13
1.029922E-12
1.6896880156E-12
0.001
0.0013
0
0
0
0
0
0
0
0
0
0
0
0
0
0
0
0
0
-100
0
0
0
0
0
0
0
2.3400018E-27
0
0
0
1E-09
0
0
0
0
-100
0
0
0
0
0
0
0
0
0
0
0
0
-100
0
0
-100
0.0041966273747056
0.0272773844599178
5.297660397976E-08
-100
0.0009996500499976
0.0009996500499976
-100
0
0
0
0
0
0
0.00011
0
0
0
1.4E-08
0
-100
-100
-100
-100
0
0
0
0
0
0
0
0
0
1.4E-13
0
0
0.001
0
0
0
0
0
0
0
0
0
0
0
-100
0
0
0
-100
0
0
0
0
0
0
0
0
0
0.001400005
0
0
0
0
0
0
0
0
0.0004
0
0.0021
0
0
0
0
0
0
0
0
0
0
0
0
1.1E-09
0
0
0
0
0
0
0
0
0
0
0
0
-100
2.33984579988E-17
3.68745394377748E-16
3.6000119964E-18
3.60047974123684E-18
0
0
0
0
0
0
0
0
0
0
0
0
-100
-100
-100
0
0
0
1.600016E-23
2.3400018E-27
0
0
0
0.0002
0
0
0
0
0
0
0
0
0
0
0
0
-100
0
0
0
0
0
0.0014
0
0
0
0
0.0005
0
0
0
0
0
0
0
0
0
0
0
0
0
0
0
-100
0
0
0
0
0
0
0
0
0
0
0
0
0
0
0
0
0
3.8997429998E-13
0
1.300001E-13
0
0
0
0
0
0
0
0
0
0
0
0
0
0.0004
0
0
0
0
0
0
0
0
0
0
0
0
0
0
0
0
0
0
0
0
0
0
0
0
0
0
0
0
0
0
0
0
0
0
0
0
0
-100
1.9379727090824E-12
6.56323254833547E-12
3.2393326179847E-16
4.1459105338446E-12
0
0
0.0015
-100
1.13936738872288E-11
7.92383140734436E-16
6.04385133861127E-16
9.4072471983194E-16
-100
0.00459968
0.00439972
-100
0
0
0
0
0
0
0.0015
0
-100
0
0
0
0.0005
0
0
0
0
0
0
0
0
0
0
0
0
0
0
0
0
0
0
0
0
0
0
0
0
0
0
0
0
0
0
0
0
0
0
0
0
0.0001
0.0001
0
0
0
0
0
0
0
0
0
0
0
0
0
0
0
0
0
0
0
0
0
0
0
0
0
3.99952E-08
1.199780012E-08
4.8E-18
9.9988E-09
0.0002
1.119904E-12
9.59936E-13
1.6E-13
0
0.0015
0
0
0
0.0002
0.0002
0.0002
0
0
0
0
2E-09
0
0
0
0
0
0
0
0
0
2.1E-08
-100
0
0
0
0
0
0
0
0
0
0
-100
0
0
0
0
4.00004E-24
0
0
0
0.0002
0
0
0
0
0.0002
0
0
0
0
0
0
0
0
0
0
0
0
0.0011
0
0
0
0
0
0
0
0
0
0
0
0
0
0
0
0
0
0
0
0
0
0
0
0
0
-100
0
0
0
-100
0
2E-24
0
0
0
2E-19
0
0
0
0
0.0014
0
0
0.0002
0
0
0
0
0
0
0
0
0
0
0
0
0
0
0
0
0
-100
4.46859640995979E-12
1.87411167649193E-16
1.87404921525192E-16
1.06659969150702E-15
0
0
0.0012
0
0
0
0
0
0
0
0
0
0
0
0
0
0
0
0
0
0
-100
0
0
4.2E-18
0.0006598790066
0.0006598790066
1.0398752E-21
0
0
0
0
-100
-100
0
0
3E-09
9.998899988E-09
0
4.00004E-09
0
0
0
0.0004
0
0
0
0
0
0
0
0
0
0
0
0.0002
0
0
0
-100
0
0
0
2E-09
0
0
0
0
0
0
-100
0
5.998719844E-14
6.30057303100729E-17
3.05807834470629E-16
1.8754549384953E-21
0.001
0
0.000200013
0
0
0
0
0
0
0
0
0
0
0
0
0
0
0
0.0002
0
0
0
0
0
0
0
0
0
0
0
0
0
2.00002E-08
4.79968E-08
0.000300012
9.5963204479808E-08
0
0.0016
0
-100
0
0
0
0
0
0
0
0
0
0
0
0
0
0
1.4E-18
0
0
0
0.0002
0
0
0
0
0
0
0
0
0
0
0
0
0
0
0
-100
0
0
0.0001
0
0
-100
0.0013
0.0013
-100
0
0
0
0
-100
0.00189974
0.00389974
0
-100
0
0
0
0
2.00032E-09
2.00032E-09
5.0007197280096E-09
0
4.79968E-08
0.0001000279968
3.2E-08
-100
0.0016
0.0014
-100
0
0
0
0
0
0
0
0
0
0.0002
0
-100
0
0
0
0
0
0
0
0
0
0
0
0
0
0
0
0
0
0
0
0
0
0
0
0
1E-09
0
0
0
0
0
0
0
0
-100
0
0
0
0
0
0
0
2.00002E-09
0
0
-100
0
0
-100
0
0
0
0
0
0
0
1.3E-08
0
0.0013
0
0
0
0
0
0
0
0
0
0
0
0
0
0
0
0
0
0
0
0.0021
0
0
0
0
0
0
0
0
0
0
0
0
0
0
-100
0
0
0
0
0
0.000100001
0
0
0
0
0
0
0
0
0
-100
0
0
0
0
0
0
0.0004
0
0
0
0
0
0
1E-08
0
0
0
0
-100
0
0
0
0
0
0
0
0
0
0.0001
0
0
0
0
0
0
0
0
0
0
-100
0
0
0
0
0
0
0
0.001
0
0
0
0
0
0.0011
0
0.001
0
0
0
0
0
0
0
0
0
0
0
0
0
0
-100
0
0
0
0
0
0
0
0
0
0
0
0
1.3E-08
2E-09
0
1.99988E-09
0
0
0
0.0002
0
0
0
0
0
0.0006
0
0
0
0
0
0
0
0
0
0
0
0
0
0
0
0
0
0
0
0
0
0
0
0
0
1.3E-08
0
0
0
0
0
0
0
0
0
0
0
0
-100
0
0
0
0
0
0
0
0
0
0
0
0
0
0
0
0
0
0
0
0
0.0013
0
0
0
0.0001
0
0
0
0
0
0
0
0
0
0
-100
0
0
0
0
0
0
0
0
0
0
0
0
0
0
0
0
0.0014
0
0
-100
-100
0
0
-100
-100
-100
-100
0
0
0
0
0
0.0002
0
0
0
0
0.0002
0
0
0
0
0
0
0
0
0
0
0.0013
0
0
0
0
0
0
0
0
0
0
0
0
0
0
-100
0
1.1E-08
-100
-100
0.0001
0.0001
0.0002
0
0.0011
0
0
0
0
0
0
0
0
0
-100
0
0
0.0013
0
0
0
0
0
0
0
0
0
0
0
0
0
-100
0
0
-100
0
0.0016
0
0
0
0
0
0
0
0
0
0
0
0
0
0
0
0
0
0
0
0
0
0
0
0.0021
0
0
0
0
0
0
0
0
0
0
0
0
0.0015
0
0
-100
0
0
-100
-100
-100
-100
0.0002
0
0
1.6E-13
0
4.79968E-08
4.79968E-08
3.2E-08
-100
0.00479968
0.0015
-100
0
0
0
0
0
0
0
0
0
0
0
0
0.001
0.0002
0
-100
0
0
0
0
0
0
0
0
0
0
0
0
-100
0
0
0
0.001
0
0
0
0
0
0
0
0
0.0013
0
0
0
0
0
0
0
0
0
0
0
0
0
0
-100
-100
-100
-100
0
0
0
-100
0.0029998
0.0044997059996
0.004499708
4E-09
0
0
0
0
0
1E-09
0
0
0
0.0007
0.0008
0.000600002
0
0
0
0
0
0
0
0
0
0
0
0
-100
0
1.1E-08
-100
0
0.0011
0.0021
0
0
0
0
0
0
0
0
0
0
0
0
0
0
0
0
0
0
0
0
1E-09
0
0.0001
0
0
0
0
0.0013
-100
0
0
0
0
0
-100
0
0
0
6.9994E-13
1E-13
9.9940279992E-13
0
0
0
0
0
0
0
0
0
0
0
0
0
0.0011
0
0
0
0
0
0
0.001
0
0
0
0
0
0
0
0.0029998
0.0001
0.0002
1.3E-08
0
8.9907687032175E-17
3.029168156E-17
7.8E-18
0
0
0
0
0
2E-14
0
0
2E-09
0
0
0
0
0
0
0
-100
0
0
0
0
0
0
0
0
0
0
0
0
0
0
0
0
0
0
0
0
0.0002
0
0
0
0.0001
0
0
0
0
0
0
0
0
0
0
-100
0
0
0
0
0
0
0.0004
0
0
0
0
0
0
0
0
0
0
0
0
0
9.97005742594885E-13
1.49625728147305E-12
4.9994E-14
0
0
0
0
0
0
0
0.001
0
0
0
0
0
0
0
0
-100
0
0
0
0
0
0
-100
0
0
0
0
0
0
0.0014
0
0
0
0
-100
0
2E-13
2E-13
1.9994E-13
0
0.0001
0
0
0
0
0
0
0
0
0
0
0
0
0
0
-100
0
0
0.0002
0
0
-100
-100
0
0
0
0
0
0
0
0
0
0
0
0
0
0.0013
0
0
0
0
0
0
0
0
0
0
0.001
0
0
0
0
0
0.0011
0
0
0
0
0
0
0
0
-100
0
0
-100
0
0
0.0002
0
0
0
0
0
0
0
0
0
0
-100
0
0
0
0
0
0
0
0
0
0
0
0
0
0
0
0
0
0.0013
0
0
0
0.0001
0
0
0
0
0
0.001
0
0
0
0
0
0.001
0
0
0
0
0
0
0
0
0
0
0.0011
0
0
0
0
0
0
0
0
0
-100
0
0
0
0.0002
0
0
0
0
0
0
0
0.0006
0
0
0
0
0
0
0
0
0
0
0
0
2E-09
0
1.4E-08
0
0
0
0
0
0
0
0
0
0
0
0
0
0
0.0002
0.0023
0
-100
0
0
0
0
0
0
-100
0.001
0
0.0015
0
0
0.0002
0
0
0
0
0
0.0002
0
0
0
0
0
0
0
0
0
0
0
0
0
0
0
0
0
0
0
0
0.001
0.0014
0
0
-100
-100
-100
0
0
9.99912E-08
0.000300012
4.79968E-08
-100
0.0016
0.00419972
-100
0
0
0
0
0
0
0
0.0004
0
0
0
-100
0
0
0.0013
0
0
0
0
0
0
0
0
0
0
0
0
0.000200021
-100
0
0
0
0
0.0001
0
0.0004
0
0
0
0
0
0
0
0
0
0
0
0
-100
0.0002
0
-100
0
0.000200002
0.0002
0
0.0002
0
0
2E-14
0
0
0.0004
0
0
0
0
0
0
0
0
0
0
0
0
0
0
0
0
0
0
0
0
0
0
0
0
0
0
0
0
0
0
0
0
0
0
0
0
0
0
0
0
0
0
0
0
-100
0.001
0
0.0001
0
0
0
0
0
0
0
0
0
0
0
0
0
0
0
0
-100
0
0.000200002
0
0
0
0
0
0
0
0
0
0
0.001
0
0
0
0
0
0
0
0
2.00014997E-09
1E-09
1E-09
0
-100
0
0
0.0004
0.0002
0
0
0
0
0
0.0004
0
0
0
0
0
0
0
0
0
0
0
0
0
0
0
0
0
0
0
0
0
0
0
0
0
0
0
0
0
0
0
0
0
0
0
0
0
0.0021
0
0
0
0
0
0
0
0
0
0
0
0
0
0
0
0
0
0
0
0
0
0
0
0
0
0
0
0
0
0
0
0
0
0
0
0
0
0
0
0
0
0
0
0
0
0
0
0
0
0
0
0
0
0
0
0
0
0
0
0
0
0
0
0
0
0
0
0
0
0
0
0
0
0
0
0
0
0
0
0.0002999859996
0.000200002
2E-09
0
0
0
-100
0
0
-100
0
0
0
0
0
0
0
0
0
-100
-100
-100
-100
0
0
1.3E-08
0
0
0.0013
0
0
0
0
0
0.0002
0
0
0
0
0
0
0
-100
0
0.000100013
0.000100013
0
0
0
0
0
0
0
0
0
0
0
0
0
0
0
0
-100
-100
-100
-100
-100
-100
0
0
0
1E-08
0
0
0
0
0
0
0
0
0.000100013
0
0
0
0
0
0
0
0
0
0
0
0
0
0
0
0
0
0
0
0
0
0
-100
0
0
0
0
0.0002
0.0013
0
0
0.0011
0
0
0
0
0
0
0
0
0
0
0
0
0
0
0
0
0
0
-100
0
0
0
0
0
0.0013000059996
0
0.001
0
0.0012
0
0
0
0
0
-100
0
0
0
0.00100001
0
0
0.001
0
0
0
-100
0
0
0
0
0
0
0
0.0004
0
0
0
0
0
0
0.0012
0
0
0
0
0
0
0
0
0
0
0
0
0
0.001
0.0015
0
0
0
0
0
0
-100
0
0
0
0
0
0
0
0
0
0
0
0
0
0.0023
0
0
0
0
0
0
0
0
0
0
0
0
0
0
0
0
0
0
0
0
0
0
0.0001
0
0
0
0
0
0
0
0
0
0
0.001
0
0
0
0
0
0
0
0
0
0
0
0
0
0
0
0
0
1E-09
0
0
0
0
0
0
0
0
0
0
0
0
0
0
0
0
0
0
0
0
0
0
0
0
0
0
0
0
0
0
0
0
0
0
0
0
0
0
0
0
0
0
0
0
0
0
0
0
0
0
0
0
0
0
0
0
0
0
0
0
0
0
0
0
0
0
0
0
0
0
0
0
0
0
0
0
0
0
0
0
0
0
0
0
0
0
0
0
0
-100
0
0
0
-100
0
0
0
0.001
0.0002
1.4E-08
4E-09
-100
0
0.0014
0
0
0
0
0.0002
0
0
0
0
-100
0
0
0
0
0
0
0
0
0
0
0
0
0
0
0
-100
0
0
0
-100
0
0.001500004
0
0
0
0
-100
0
0
0
0
0
0
0
-100
0
0
0
0
0
0
0
0
-100
0
0
0
0
0
0.0001
0
0
0
0
0
0
0
0
0
0
0
0
0
0
0
0.0013
0
0
0
0
0
0
0
0
0
0
0
0
0
0
0
0
0
0
0
0
0
0
0
0
0
0
0.0002
0
0
0
0
0
0
0
0
0
0
0
0
0
0
0
0
0
0
0
0
0
0
-100
0.0001
0
0
0
0
0
0
0
0
0
0
0
0
0
0
0
0
0
-100
0
0.0004
0
0
0
0
0
0
0
0
0
0
0
0
0
-100
0
0
0
0
0
0
0
0
0
0
0
0
0
0
0
0
0
0
0
0
0
0.0001
0
0
0
0
0
0
0
0
0
0
0
0
0
0
0
0
0
0
0
0.0013
0
0
0
0
0
0.0002
0
0
0
0
0
0
0
0
0
0
0
0
0
0
0
0
0
0
0
0
0
0
0
0
0
0
0
0
0
0
0
0
0
0
0
0
0
0
0
0
0
0
0
-100
0
0
0
0
0
0.0002
0
0
0
0
0
0
0
0
0
-100
0
0
0.0014
0
0
0.0001
0
0
0
0
0
0
0
0
0
0
0
0
0.0021
0
0
0
0
0
0.001
0.00029998
0.0001
0.00119992
0
0
0
0
0
0
0
0
0
0
0
0
0
0
0
0.0002
0
0
0
0
0
0
0
0
0
0
0
0
0
0
0
0
0
0
0.0013
-100
0
0
0
0
0
0.0011
0
0
0
0
0
0
0
0
0
0
0
0
0
0
-100
0
0
0
0
1E-09
1.00013E-09
1.00013E-09
0.001
0
0
0
0
0
0
0
0
0
0
0
0
0.0011
0
0
0
0
0
0
0
0
0
0
0
0
0
-100
0
0
0
0
0
0.0002
0
0
0
0
0
0
0
0
0
0
0
0
0
0
0
0
0
0
0
0
0
0
0
0
0
-100
0
0
0
0.0002
0
0
0
0
0
0
0
0
-100
0
0
0
0
0
0
0
0
0
0
0
0
0
0
-100
0
0
0
0
0
0.0001
0
0
0
0
0
0
0
0
0
0
0
0
0
0
0
0.0002
0
0
0
0
0
0
0
0
0
0
0
0
0
0
0
0
0
0
0
0
0
0
0
0.0002
0
0
0
0
0
0
0
0
0
0
0
0
0
0
0
0
0
0
0
0
0
0
0
0
0.0001
0
0
0
0
0
0
0
0
0
0
0
0
0
0
0
0
0
0
0
0
0
0
0
0
0
0
8.99076870296196E-17
0
3.029168156E-17
0
0
0
0
0
0
0.0021
0
0
0
0
0
0
0
0
0
0
0
0
0
0
0
0
0
0
0
0
0
0
0
0
0
0
0
0
0
0
0
0
0
0
0
0
0
0
0
0
0
0
0
0
0
0
0
0
-100
0
0
0
0
0
0
0
0
0
0
0
-100
0
0
0.0014
0
-100
0
0
0
0
0
0.0002
0
0
0
0
-100
-100
0
0.0013
0
0
0
0
0
0
0
0
0
0
0
0
0
0
0
0
0
0
0
0
0
0
0
0
0
0
0
0
0
0
0.000100002
0
0
0
-100
0
0
0
0
0
0
0
0
0
0
0
0.0013
0
0
0
0
0
0
0
0
0
0
0
0
0
0
0
-100
0
0
0.0004
0.0004
0
0
0
0
0
0
0
0
0
0
0
0
0
0
0
0.0011
0.0021
0
0
0
0
0
0
0
0
0
0
0
0
0
0
0.0002
0
0
0
0
0
0
0
0
0
0
0
0
0
0
0
0
0
0
0
0.0013
0
0
0
0
0.0001
0
0
0
0
0
0
0
0
0
0
0
0
0
0
0
0
0
0
0
0
-100
0
0.0004
0
0
0
0
0
0
0
0
0
0
0
0.0001
0
0
0
0
0
0
0
0
0
0
0
0
0.0015
0
0
0.0002
0
0
0
0
0
0
0
0.0021
0
0
0
0
0
0
0
0.0002
0
0
0
0
0
0
0
0.0015
0
2E-09
0
0.0002
0
0.0002
0
0
0
0
0
0
0
0
0
0
0
0
0
0
0
0
0
0
0
0
0
0
0
0
0
0
0.0024
0
0
0
0
0
0
0
0
0
0
0
0
0
0
0
0
0
0
0
0
0
0
0
0
0
0
0
0
0
0
0
0
0
-100
0.0002
0
0
0
0
0
0
0
0
0
0
0
0
0
0
-100
0
0
0
0.001
0
0
0
0.001000021
0
0
0
0
0
0
0
0
0.000400002
0
0
0
0
0
-100
0.001
0
0
0
0
0
0
0
0
0
0
0
0
0
0
0
0
0
0
0
0
0
0
0
0
0
0
0
0
0
0
0
0
0
0
-100
-100
0.0002
0
-100
0
0
0
0
0
0
0
0
0.001
0
0
0
0
0
0
0
0
0
0
0
0
0
0
-100
0
0
0
5.9996E-09
0
0
0
0
0
0
0
0
0
0
0
0
0
0
0
0
0
0
0
0
0
0
0
0
0
0
0
0
0
0
0
0
0
0
0
0
0
0
0
0.0002
0
0
0
0
0
0
0
0
0
0
0
0
0
0
0
0
-100
0
0
0
-100
0
0
0
0
0
0
0
0
0
0
0
0
0
0
0
0
0
0
0
2.39992E-08
4.67750571438843E-07
3.899742E-08
1.94890178916498E-07
-100
0
0
-100
0
0
0
1.3E-08
-100
0
0
0
0
0
0
0
0
0
0
0
0
0
0
0
-100
0
0
0
0
0
0
0
0
0
0
0.0004
-100
0
0
0
0
-100
0
0
0
0.0016
0
0
0
0
0
0.0004
0
0
0
0
0
0
0
0
0
0
0
0
-100
0
0
0
0
0
0
0
0
0
0
0
-100
0
0
0
0
0
0
0.0004
0
0.0002
0
0
0
0
0
0
0
0.0001
0
0
0
0
0
0
0
0
0
0
0
0
0
0
0
0
0
-100
0
0
0
3.00012E-09
0
0
0
-100
0
0
0
0
0
0
0
0
0
0
0
-100
-100
0
0
0
0
0
0
0
0
0
0
0
0
0
0
0
0
0
0
0
0
0.0011
0
0
0
0
0
0
0
0
0
0
0
0
0
0
0
0
0
0
0
0
0
0
0
0
0
0
0
0
0
0
0
2.1E-08
0
0
0
0
0
0
0.001
0
0
0
0
0
0.0021
0
0
0
0
0
0
0
0.0015
0
0
0
0.0002
0
0
0
0
0.0002
0
0
0
0
0
0
0
-100
0
0
0
0
0
0
0
-100
0.001
0
0
0
0
0
0
0
0
0
0
0
0
0
0
0
0
0
0
0
0
0
0
0
0
0
0
0
0
0
0
0
0
0
0
0
0
0
0
0
0
0
0
0
0
0
0
0
0
-100
0
0
0
0
0
0
0
0
0
0
0
0
0.0002
0
0
0
0
0
0
0.0006
0
0
0
0
0
0
0
0
0.0011
0
0
0
0
0
0
0
0
0
0
0
0
0
0
0
0
0
0
0
0
0
0
0
0
0
0
0
0
0
-100
0
0
0
-100
0
0
-100
0
0
0.0002
0
0
0
0
0
0
0
0
0
0
0
0
2E-09
0
0
0
0
0
0
0
0
0
0
0
0
0
0
0
0
0
0
0
0
0
0
0
0
-100
0
0
0
0
0
0.0001
0.0004
0
0
0
0
0
0
0
0
0
0
0
0
0
0
0
0
0
0
0
0
0
0
0
0
0
0
0
0
0
0
0
0.0002
0
0
0
0
0
0
0
0
-100
0
0
0
0.001
0
0
0
0
0
0
0
1E-08
0
0
0
-100
0
0
0
0
0
0.0014
0
0
0
0
0.0002
0
0
0
0
0
0
0
0
0
0
0
0
0
0
0.0001
0
0
0
0
0
0
0
0
0
0
0
0
0
0
0
0
0
0
0
0
0
0
0
0
0
0
0
0
0
0
0
0
0
0
0
0
0
-100
0
0
0
0
0
0
0
0
1E-08
0
0
0
0
0
0
0
0
0
0
