-0.010997
0.000150599617490591
0
0
-100
0.00173584034244314
0
-100
0
0
0
0.0188606636439625
0
0
0
0
0
-100
0
0
-100
-100
-100
-100
0.196458913451246
0
0
0
-0.005
0
0
0
-100
-100
-100
0
-100
-100
-100
-100
0
0
0
0
-100
-100
-100
0
0
-100
0
-100
0
0
0
0
0
0
0
0
0
-100
-100
0
-100
-0.00680049853032477
1.99391368807176
0
0
0
0
0
0
0
0
0
0
0
0
0
0
0.0002
0
0
0
0
0
0
0
-100
0
0
-100
0
0
-100
-100
0
0
-100
-2.56706332315868E-07
-2.49769925238873E-07
-2.33218385657585E-07
-2.37610603858555E-07
-100
-6.98341914306322E-05
-6.65407475975169E-05
-7.26990903108692E-05
-100
-0.0156296582771588
-0.0149077513698033
-100
-100
0
-100
0
0
0
0
0
0
0
-100
0
0
0
0
0
0
0
0
0
0
0
0
-100
0
0.0002
0
0
0
-100
0
0
-1.32934693984973E-09
-1.33002481788768E-09
-1.21246400786167E-09
-1.38413932709086E-09
-100
-1.80162760784227E-07
-1.7658822435814E-07
-2.00622857979963E-07
-100
-0.000240777130817493
-0.000224108464149735
-100
0
0
-100
0
0
0
0
0
0
-100
0
0
-100
-100
-100
-100
-100
0
0
0
-100
-1.18574586115428
-1.14942404726474
-1.14588240022483
-100
-100
-100
-100
-100
-4.76080613160925E-05
-4.61934969501718E-05
-100
-100
-100
-100
-100
-100
-0.00010481999463083
-0.000114351742910157
-100
-100
-100
-100
-100
-100
-0.0279678195932323
-0.0349489402315809
-0.0269705166448968
-100
-100
-100
-100
-100
-0.0269705166448968
-0.0279678195932323
-0.0349489402315809
-100
-0.227537071913861
-0.227537071913861
-0.247085907537158
-100
-100
-100
-100
